[-1.37550062 -3.97358291  2.9775491  -5.93424386  1.38948112 -3.13795221
 -1.25434721 -2.44579722  4.52983985  0.06300876 -0.5392899  -1.31961216
  0.65196999 -0.74819871  0.11499605  1.55624838  2.71401131  5.9559729
  2.02416271 -1.31197354 -0.03724037 -0.12063807 -1.30963382 -0.48057197
 -1.25998496  0.29700152 -0.64684642 -0.01836333 -0.85424798  0.04653925]
[-1.98026313 -1.99153801 -1.87631536 -0.14076045 -1.89172826 -2.12105643
  0.55220677  1.28646164 -2.90151984  1.65001597 -3.27279673 -0.94285306
  0.75491542 -0.23029723  0.15443406  0.94783405  0.61011848 -0.83033412
  0.44428198 -0.76065401  0.4076416  -1.8486425  -0.13446057 -6.43805083
  0.31577273 -0.39229122 -2.23281269  2.6582664  -0.57105893  5.75944459]
[ -1.43324145 -14.4712655  -24.81603056   0.27837713   6.5432181
  17.09103479 -12.84920312 -11.40811244   2.11783419   1.91556265
  -0.50047089  -0.72753322   1.65884135   0.17541946   1.55443997
   1.63683481  -0.03638663   0.29906511   1.28411454  -3.58248071
  17.96528065   6.00651577  -2.1702455   19.28954907  -0.54103475
   5.24269714   0.62901026  -5.08715249   2.72006336   9.72194782]
[-1.47999004e+00 -7.10235864e+00  5.75793901e+00 -1.15457404e+01
  4.31710464e+00 -8.10845783e+00 -2.95542799e+00 -1.05503092e+01
  7.87706538e+00 -2.65685477e+00 -9.06952356e+00  7.59234695e+00
 -1.21613174e+01  1.20097529e+00 -9.79311904e+00 -7.07970389e-01
 -9.20297257e+00 -1.66637870e+01 -5.76609264e+00  1.70985873e+00
  1.92875039e+00  2.13768744e+00 -1.54214369e+00 -7.79044357e-01
  4.70524269e-02  1.59684476e+00 -5.76440972e-01  4.32564727e+00
  1.68066907e+00  6.55838363e-03]
[-1.37520581 -4.21626024  3.42503142 -6.19136074  1.37926594 -3.44656391
 -1.54485073 -2.4112801   4.6505632  -0.31262467 -0.52228218 -1.20113496
  2.17916379  2.09845923 -0.24158963  0.91654128  3.01854452  5.62139667
  2.20055156 -0.92803675  0.26479404 -0.10170161 -1.1450936  -0.03319202
 -0.65448318  0.88863895 -0.69928703 -0.10436754 -0.85488485  0.00655838]
[ -1.35006265  -0.7690129    0.8855523    2.04471808  -0.08039601
   1.67413776   1.06654215   2.21992113  -6.24004904   3.41658915
   4.90038748   0.10778386  -1.1454012    0.03210308  -4.46710531
   0.55335806  -2.32355985  -2.09952579  -0.72180435   1.48998397
   0.504912     3.14267388  -1.29951199  -0.36076725  -0.85698263
  -1.72019751  -2.45174465 -11.86095992 -10.94305941  -0.31724662]
[-1.35823312 -4.19878389  2.96247733 -5.66101914  0.84940532 -2.08083747
 -0.75819035 -1.0908278   2.98098821  2.39802165  2.80843638 -1.29008825
 -0.74191685 -1.48971412 -2.14866742  2.12028457  2.13967975  4.46925711
  2.04562667 -1.02465821  1.35093871 -1.15879919 -1.48801895 -1.05427356
 -2.80603124  0.76264168 -0.87514178 -1.36439233 -2.76136345  0.04653925]
[-1.37499523 -4.32689198  3.13518543 -6.29247628  1.41414343 -3.4373973
 -1.29545669 -2.69949295  4.88013017  0.09063907 -0.47005891 -1.43473462
  0.82863217 -0.66965295  0.37586628  1.55021685  2.85622877  6.14065867
  2.04295742 -1.36025893 -0.04994241 -0.12357685 -1.38916131 -0.58769086
 -1.24886216  0.38960475 -0.6439007  -0.0366803  -0.92332725  0.04653925]
[-1.97990515e+00 -1.27448757e+00  7.00926547e-01  2.48654932e+00
 -1.62618347e-01  5.11885930e-03  3.80059296e-01  1.31692161e+00
 -1.89834882e+00  3.91842854e+00  3.74707556e+00 -1.86562060e-01
 -6.85460572e-01 -1.26180737e+00 -4.05463711e+00 -1.38294317e+00
 -2.14554422e+00 -5.75067730e-01 -1.07736550e+00  7.07574785e-01
  1.34344088e+00 -8.09564057e-01  1.46017026e-01 -8.94467880e-01
  1.20946401e+00  1.34187548e-01 -6.37327051e-02 -7.15419537e+00
 -5.10070560e+00 -3.39755842e-01]
[-1.97082918e+00 -1.45489868e+00  1.33997439e+00  1.98066678e-01
 -1.97888682e+00  4.82907679e-04 -1.26815230e-01 -4.25326804e-01
 -6.08559997e+00  1.91839227e+00  1.12244681e+00  1.86772224e+00
  1.11154947e+00 -7.66209282e-01 -2.47004827e-01  4.04490019e-01
 -1.06466718e+00 -3.20328138e-01  2.64138472e-01  8.03888981e-01
 -9.68829800e-01  7.97337036e+00 -2.15964832e+00  1.20585579e+00
  7.59813888e-01  1.84128352e-01 -4.22221579e-01  8.09605415e-01
 -1.24404662e+00 -3.37237048e-01]
[-1.43286241e+00 -5.16989784e+00  2.99023693e+00 -6.50684848e-01
 -1.34731410e+00 -8.35385754e-01 -8.18171940e-01  1.69262422e+00
 -1.17879632e+00  8.30628471e+00  1.16651178e+01  9.83429671e-01
  5.33023544e-02 -3.38152253e-01 -5.50348142e+00 -5.35877185e-01
 -2.03327398e+00 -1.38101127e+00 -2.00779412e+00 -1.43171574e+00
  4.55144522e+00 -3.26513877e+00  5.22481838e-03  5.43387158e-01
  1.45672378e+00  3.41847350e+00  1.92331992e-01  1.19344609e+00
 -1.28651313e+00 -2.66390961e-01]
[-1.97078707 -1.74105385  1.59864558 -0.10615736 -1.98973871 -0.2461709
 -0.18973535 -0.74063773 -5.71586198  1.93996651  1.20328263  1.74463811
  1.28381607 -0.70477104  0.01029848  0.37727664 -0.95181242 -0.13108586
  0.28954111  0.76033659 -0.94001584  7.99262159 -2.20787828  1.2934009
  0.75217753  0.32338664 -0.40886146  0.75314345 -1.24535596 -0.34923131]
[-1.94065318e+00 -9.44964671e-01 -1.33033544e+00  1.26734291e+00
 -1.24177116e+00  2.98302411e+00 -2.84862538e+00 -4.75511846e+00
 -6.31297988e-01 -1.42075291e+00  1.76926780e+00 -3.95130507e-01
 -8.73473672e-03  7.83139208e-01 -1.55429940e-01  2.91784077e-01
 -7.83106747e-01  9.48360006e-01 -1.09566214e+00 -1.66032336e+00
 -1.37113187e+00  9.28874893e-01 -1.69879274e+00 -1.28059776e+01
  8.31643654e-01 -4.45618200e+00 -1.17451100e+00  1.91302264e+00
  1.00024449e+00  1.30539036e-01]
[-1.41159390e+00 -6.19130645e+00 -1.04221751e+01  1.09610757e+00
  2.62776234e+00  1.22289708e+01 -8.35601857e+00 -8.91640908e+00
  1.14112370e+00  9.55255690e-01  1.23716861e+00 -2.55886555e-03
  1.50959096e+00  5.17896109e-01  9.01221317e-01  4.29786084e-01
  5.64107872e-01 -1.34686260e+00  1.14055199e+00  2.49922741e-01
  5.77838176e+00  1.67238080e+00 -2.05585642e+00  5.18941281e+00
 -1.53601337e+00 -8.94701895e-02 -3.04076853e-01 -1.62058154e+00
  8.72195376e-01 -3.46072819e-01]
[-1.38527150e+00 -1.45231156e+00  2.25152723e+00 -4.72574895e+00
  2.91017568e+00 -2.16703588e+00 -2.20850795e+00 -3.98126345e+00
  1.84563619e+00 -2.42448536e+00 -6.32629016e+00  3.94572623e+00
 -8.03645835e+00 -1.34671014e+00 -1.01784115e+01  1.15319210e+00
 -6.14128560e+00 -1.02963664e+01 -3.26115660e+00  1.20834659e+00
  1.03863528e+00  1.21779137e+00 -4.68852410e-01  1.95718785e-02
 -9.85376802e-02 -2.00157899e-01 -6.13578880e-01  3.28573673e+00
  9.77596584e-01  6.55838363e-03]
[-1.60998060e+00 -2.07883542e+00  2.98537409e+00 -6.28084695e+00
  4.09072426e+00 -3.45776544e+00 -2.48241716e+00 -6.88201367e+00
  2.57378271e+00 -3.00157897e+00 -1.00634362e+01  9.34715451e+00
 -1.47576609e+01  7.89362353e-02 -1.36950285e+01 -5.34819457e-01
 -1.12528658e+01 -1.94400704e+01 -6.10197329e+00  2.45898548e+00
  1.76015229e+00  2.04696145e+00 -4.56760384e-01 -3.81562887e-02
 -2.85620126e-02 -6.05224455e-03 -6.27658108e-01  5.13890691e+00
  2.00854623e+00  6.55838363e-03]
[-1.52216906 -5.08517235 -6.67887146  2.24272712  4.65955448  6.0808567
 -3.74023896 -6.32517588  0.13298618  3.07636567  2.23362424  1.46669578
 -1.92794219  0.31944636  0.5394851  -0.92838694  0.15272012  1.25810863
  0.89553211  2.35815635 -4.72755932 -1.83596828  0.20023682 -5.34041486
  1.69556013 -0.85324319  1.23749583  5.85507541 -1.7872784   0.99304617]
[-1.41150967  0.14705164  0.58479871 -0.96256748  1.35737625 -1.38556197
 -0.84838881 -2.27490273  0.54310946 -0.63284503 -3.18289564  2.30390244
 -3.82977053 -0.77121578 -5.06248451  1.81889741 -2.98699835 -5.69334249
 -2.29278158 -0.47403643  0.42924729  0.82111432  0.5245832  -0.10268914
  0.4480837   0.64691025  1.29846929  1.40009991  0.92681401 -0.2598341 ]
[-1.54236361e+00 -3.70888308e+00  3.98298473e+00 -8.00573560e+00
  4.14244476e+00 -4.98890889e+00 -2.64344014e+00 -8.13308812e+00
  4.34594944e+00 -2.88710942e+00 -9.72162120e+00  8.76022989e+00
 -1.38955141e+01  4.43289859e-01 -1.24006353e+01 -6.02164127e-01
 -1.05815606e+01 -1.85141369e+01 -5.99317846e+00  2.21723538e+00
  1.77800873e+00  2.06890449e+00 -7.96536901e-01 -2.21483694e-01
 -8.53876823e-03  5.46614838e-01 -6.00728432e-01  4.90502786e+00
  1.89287580e+00  6.55838363e-03]
[-1.37480571 -3.06424447 -5.38775273 -1.07881513 -0.12436538 -3.10437401
  1.51800271  5.19314503 -0.41745304 -1.11843499 -2.19602455 -1.97238134
 -0.9256871   1.08577567 -0.85571037 -2.08780574  1.92009723 -0.44355937
 -0.35709125 -1.04470606  7.34298405  2.45183909  0.69523943  8.71603989
 -1.31478525  2.86161456 -0.72919612 -1.96921371  0.97230291  8.92221063]
[-1.54223726e+00 -6.01474157e+00  3.62752173e+00 -6.07838108e+00
  1.13346911e+00 -5.29045729e+00 -1.16095420e+00 -3.71069211e+00
  6.20809098e+00  8.75601354e-01  9.21232416e-01 -2.59663279e-01
  5.86172744e-01  1.65526551e+00  7.24027520e+00 -8.80271949e-01
  2.15104906e+00  3.81030795e+00  1.38942380e+00 -2.71101235e-01
 -4.07323610e-02  1.67393893e-01 -7.04715840e-01 -8.34560432e-01
  5.31669994e-01  2.74501266e-01 -9.07431373e-01  5.59597989e-02
 -3.70260551e-01  6.55838363e-03]
[-1.37556379e+00 -2.80159886e+00 -6.87368905e+00 -1.77038858e+00
  2.09168352e+00 -3.00448090e+00  1.59226550e+00  2.88304445e+00
 -3.05658530e-01  5.00234672e-01 -1.72227662e+00  1.26877389e+00
  1.26869825e+00 -8.92199642e-02  6.00229848e-01 -5.90034986e-02
 -3.19561046e-03  6.69544904e-01 -3.40044554e-01 -1.37568302e+00
  8.75178464e+00  2.62325911e+00 -2.62746362e+00 -4.57808762e+00
 -9.48147537e-02 -2.50076929e+00  1.22801011e+00 -1.60396795e+00
  1.78268648e+00  1.32604940e+01]
[ -1.39167311 -15.25321998   9.95244233 -20.15409701   4.59496971
 -15.69697055  -3.70822803 -16.23274614  16.40035116  -3.26906285
  -7.16408466   3.86773416  -5.49230733   1.37644753  -5.03816298
  -0.14684801  -5.84439888 -13.0904566   -5.55964724   0.74803545
   2.23728873   2.46820679  -3.07599656  -2.26244316   0.29510815
   4.13607586  -0.43420419   3.11087715   1.10436103   0.04653925]
[-1.37461619 -4.2808444   3.28827583 -6.08131451  1.50067762 -3.6190543
 -1.86528891 -2.62074733  4.69717163 -0.10036011 -0.4502082  -1.02789308
  1.52909797  0.43059228  0.13042779  1.08142473  2.94295322  5.94835919
  2.21788321 -1.15149246  0.07827683 -0.08956802 -1.26363945 -0.40792566
  0.12234468  0.51803017 -0.76812471 -0.06891178 -0.87421059  0.00655838]
[ -1.60913828  -7.3898473    3.93820756 -11.68184996   7.96004115
  -3.006817    -2.53109458 -13.36668128  -1.20898063  -6.20342782
 -12.5550554   10.33128919 -15.0347329    0.17244834 -15.71716023
  -0.28359211  -9.89298251 -15.07547937  -6.10447949   0.7115142
   1.42848107  -3.37084497   0.47180732  -5.70815202  -1.35085542
   0.29429197   1.56582018   6.70553275  -3.0080828   -0.34923131]
[-1.99582494e+00 -5.13061345e-01 -5.97089741e-01 -2.50873999e-02
  2.62034764e+00 -4.80491083e+00  3.84464664e+00  3.53384654e+00
 -1.68029987e+00 -2.53712733e-01 -2.12034145e-01  1.42209920e-01
 -6.32066388e-02 -8.03383078e-01 -3.56727033e-01 -1.01662312e+00
  5.82607018e-01  1.08824014e-01  9.83069633e-01  1.46233497e+00
 -2.56831871e-03  1.89702232e+00 -5.25935296e-01  1.55289437e+00
  3.21058765e-02  1.09523851e+00  6.91123387e-01  2.12414686e+00
 -2.28846437e-01  5.25588563e+00]
[-1.60901194 -5.97557035  2.0905283  -8.31583093  4.37209202  1.91097949
  0.95192023 -6.35848797 -2.33421032 -2.19385248 -3.00420923  1.30535363
 -1.84671971  1.53206165 -1.45497416  0.29006428  5.32294265 10.84030721
  4.83725205 -1.68540541 -0.67549353 -6.12824216 -0.52426933 -5.71914861
  1.06076008  0.02083731  1.1308838   0.91713948 -6.33690834 -0.34923131]
[ -1.52124251  -9.2002748  -15.70644187   1.59494503   4.62847998
  17.65160818 -12.09003681 -13.82466641   1.77780949   2.43067333
   1.73764257   2.51948459   0.21947008   2.63180378   2.93512342
   1.21873629  -1.52196655   1.61149039   0.40362693   0.46594303
   8.78606386   2.88529397  -1.38362372   7.79202697  -0.57495096
   0.66987055   2.10203244  -2.50968868   1.24478094  -0.2932581 ]
[ -1.44522341  -4.92821003  -3.92127617   0.46757402   1.47249831
   0.22328714   1.47252201   3.4230331   -3.97397585   4.70595833
   6.40801085   3.48119712  -1.03096167  -0.54389996  -4.72199265
   3.44636318  -1.24458417  -1.69156049  -1.3074832    2.44691973
  -6.61987631  -3.05640586   1.72375969  -3.90441163   0.15233441
  -0.96623754   0.24859045 -21.22637024  14.49264811   0.74704393]
[-1.37455301 -4.56846945  3.57769449 -6.52841603  1.4083177  -3.64072754
 -1.65976879 -2.80624392  5.00834028 -0.2668162  -0.4221167  -1.31648973
  2.37837431  2.17254395  0.03107093  0.91188304  3.14851738  5.81795775
  2.20278805 -0.98656874  0.26124205 -0.0931014  -1.27598814 -0.55066212
 -0.62365154  0.86054148 -0.71061365 -0.12650727 -0.84914264  0.00655838]
[ -1.819528    -0.92576074   2.9781589   -3.90840596   4.02686417
   0.87259376  -2.27817214  -1.3850246    0.46992675  -3.45553434
  -6.84654024   7.23814421 -10.48361937  -0.38111626 -12.24369232
  -2.28007878  -2.78727558  -4.16269332   0.15552879  -2.54465733
   0.74800665   0.8381522   -0.56004839  -1.18025017  -0.46172479
   2.12318219   0.67164642   2.21678941   1.72538163  -0.34923131]
[-1.97899966 -1.6569212   2.91995996 -1.86307718  0.24299073  0.6907656
 -1.28953571  1.58029939 -1.07858538  3.95645432  5.85159237  2.29345197
 -0.55769599  0.08786486 -6.60453674  1.90198851 -0.62993317  2.78021637
  0.4769519  -1.82466906  4.13927133 -1.40549025 -0.2613403   0.23789349
 -0.02944926  0.5431165  -1.09826155  2.30187499 -1.89650045 -0.3496711 ]
[ -1.8193806   -0.12838717   2.61218948  -4.5450467    4.80045163
   0.44651262  -2.22652264  -1.96966245   0.40970199  -3.06894776
  -6.25506408   7.46546995 -10.29352109  -0.34407094 -12.04211457
  -1.45850201  -3.06907853  -3.77281196   0.10322656  -1.61478133
   0.82071674   0.73094005  -0.75255038  -0.96922193  -0.43547461
   2.95412108   1.08574302   2.20751863   1.73514302  -0.34923131]
[ -1.56843332  -7.79671281   5.04242259 -14.7327657    8.3943764
  -6.31868886  -1.74462318 -13.09233765   0.4294231   -5.76507489
 -12.1001277    9.73813101 -14.23685038   0.71943481 -14.60970674
  -0.35992862  -9.19761141 -14.27234324  -5.72638367   0.84299045
   1.28822224  -3.20874522   1.47170836   1.73849175  -1.71683966
  -0.34915425   1.34775113   5.32477161  -4.26199676  -0.34923131]
[-1.37440561 -4.67228681  3.30349009 -6.65185239  1.43484842 -3.75555726
 -1.32387726 -2.93438208  5.23149338  0.11402837 -0.4062685  -1.55081161
  1.0023896  -0.59229108  0.6370731   1.54154808  2.99682894  6.32530457
  2.06518061 -1.41179566 -0.03691799 -0.11820183 -1.46700315 -0.66262805
 -1.24165587  0.48996193 -0.64279814 -0.09478741 -0.94660923  0.04653925]
[-1.44450744e+00 -9.16459944e+00  6.70201089e+00 -1.36802160e+01
  4.29103469e+00 -9.70101080e+00 -3.40238285e+00 -1.22773026e+01
  1.01319160e+01 -3.66536441e+00 -8.28160972e+00  5.94747029e+00
 -8.57472741e+00 -1.90929239e-03 -9.70299595e+00  2.16275216e-02
 -8.39042365e+00 -1.63930792e+01 -5.95138887e+00  1.65551797e+00
  2.22189232e+00  2.44666920e+00 -1.75785332e+00 -1.12905024e+00
  1.68480993e-01  2.25883141e+00 -4.95058320e-01  3.85119162e+00
  1.66003200e+00 -3.49231307e-01]
[ -1.39106243 -15.59835561  10.12131759 -20.51352795   4.61553809
 -16.01566574  -3.73625213 -16.46726601  16.75153419  -3.24562161
  -7.10023114   3.75172454  -5.31858909   1.45380316  -4.77706315
  -0.15546501  -5.70366974 -12.90586514  -5.5376066    0.6965959
   2.24878812   2.47306191  -3.15376134  -2.338895     0.30245305
   4.23615183  -0.43304156   3.05386329   1.08051718   0.04653925]
[-1.35728552e+00 -5.70796940e+00  3.80751902e+00 -7.71900657e+00
  1.49669998e+00 -4.67330873e+00 -1.43335611e+00 -3.67827351e+00
  6.29378308e+00  1.86242353e-01 -2.08619265e-01 -1.90107947e+00
  1.52734421e+00 -3.61995394e-01  1.42293726e+00  1.51325157e+00
  3.41229921e+00  6.88185093e+00  2.13268010e+00 -1.56632610e+00
  2.02214035e-02 -9.42544516e-02 -1.70193962e+00 -8.78950533e-01
 -1.22227778e+00  7.91706451e-01 -6.40659239e-01 -2.93793276e-01
 -1.00154050e+00  6.55838363e-03]
[-1.81862251  0.16061562  1.61125242 -3.90438795  3.19415772 -1.67725907
 -1.71012917 -3.78634419  1.00663076 -0.63232882 -5.07534459  6.52724943
 -8.53229387  0.74627347 -8.01034493  0.6479418  -5.11056171 -6.88098635
 -1.31563354  2.6747926   0.72991097  1.01196872  0.08824353  1.08548593
  0.13705667 -3.66606218  0.66812716  1.53820031  0.56055759 -0.34923131]
[ -1.58043633  -7.23909755   4.49424359 -14.1175945    8.42418076
  -5.77744145  -1.65335281 -12.50644209  -0.29856798  -5.80734548
 -12.25908432   9.98087115 -14.57564559   0.5965797  -15.11755699
  -0.30742716  -9.43123095 -14.64651355  -5.77096733   0.9252011
   1.30073103  -3.22227752   1.55843289   1.58721857  -1.70583493
  -0.6276495    1.31617267   5.3809066   -4.22708536  -0.34923131]
[ -1.54042628  -9.19928086   6.39409185 -16.26888912   8.32436093
  -7.65419316  -1.98584647 -14.56922851   2.25533017  -5.66110767
 -11.70481325   9.1290635  -13.38857317   1.02677798 -13.33656047
  -0.4928862   -8.61780691 -13.33512599  -5.60891729   0.63426571
   1.30713745  -3.1578049    1.25236106   2.16652058  -1.74891328
   0.35633816   1.42472025   5.14845623  -4.33078465  -0.34923131]
[-1.99548801 -1.53430767  1.57459532  0.97852494 -1.70812266  0.22193637
 -0.61892507  1.66958205 -1.53166606  3.64932501  5.55772905  2.52030162
  0.06690429 -0.35525378 -2.95968492  0.31926394 -0.34667432 -2.28685011
 -0.5195214  -1.14738487  3.18672799 -1.16035737 -0.24978423 -0.2622213
  0.8516865   0.26150855  0.95402116 -0.62249468 -3.34992173 -0.34739219]
[-1.49824726e+00 -5.06733775e+00  4.69062310e+00 -9.42151233e+00
  4.21286970e+00 -6.23453038e+00 -2.76986346e+00 -9.10149299e+00
  5.75913574e+00 -2.79522086e+00 -9.46104135e+00  8.29280003e+00
 -1.32016745e+01  7.46389662e-01 -1.13571895e+01 -6.44699266e-01
 -1.00306550e+01 -1.77737734e+01 -5.90159449e+00  2.01388562e+00
  1.84456827e+00  2.09855278e+00 -1.09509608e+00 -4.38287675e-01
  1.31284420e-02  9.67861656e-01 -5.91260161e-01  4.66878593e+00
  1.81030056e+00  6.55838363e-03]
[-1.98702273 -1.59999158  1.74855223  1.43689126 -1.11347723  1.03931598
 -0.51589641  3.08470038 -2.86089738  4.96916483  8.10191841  1.52643461
 -1.13951338  0.01019115 -4.84491719  1.7311644  -1.78545604 -2.67979039
 -1.36926046 -0.57049923  4.65108016 -2.25944062 -0.6869469  -0.76332872
  0.49896537  0.57549561 -0.74478509 -2.37547703 -8.28768938 -0.31464786]
[-1.43153576e+00 -1.04828872e+01  7.49345762e+00 -1.51749166e+01
  4.33997327e+00 -1.12931427e+01 -3.29099565e+00 -1.28842560e+01
  1.14676660e+01 -3.59398009e+00 -8.07249914e+00  5.49846706e+00
 -7.92076186e+00  3.09282105e-01 -8.68835139e+00 -7.62502431e-03
 -7.78831802e+00 -1.56782309e+01 -5.87182107e+00  1.45964027e+00
  2.06603324e+00  2.38877240e+00 -2.02027652e+00 -1.37203301e+00
  2.07673419e-01  2.69067419e+00 -4.64003972e-01  3.90021001e+00
  1.42146412e+00  4.65392456e-02]
[-1.37400551 -1.93477981  2.20682589  0.24208871  0.54311143 -0.23139087
  1.90869087 -2.32330797 -8.61888277  0.4533659   1.20972724  1.09042849
  1.72190951 -0.23619977  0.2355031  -0.76780163 -1.24006672  1.26023849
 -0.09773257  1.03871949 -2.64353508 13.63172147 -4.05267656  2.04336238
 -0.24905391  0.01400599 -0.51305372  0.11268372  0.04755051 -0.3266821 ]
[-1.49755235e+00 -5.40664437e+00  4.86820865e+00 -9.77552148e+00
  4.23031411e+00 -6.54656981e+00 -2.80099962e+00 -9.34315677e+00
  6.11221888e+00 -2.77218719e+00 -9.39582161e+00  8.17602238e+00
 -1.30282610e+01  8.22157219e-01 -1.10964547e+01 -6.55271714e-01
 -9.89277587e+00 -1.75887470e+01 -5.87891474e+00  1.96316331e+00
  1.85940156e+00  2.10534895e+00 -1.16964458e+00 -4.94282983e-01
  1.87094564e-02  1.07284023e+00 -5.88821926e-01  4.61102055e+00
  1.78899114e+00  6.55838363e-03]
[-1.37394233 -5.01761995  3.47193057 -7.01124154  1.45552089 -4.07384462
 -1.35220345 -3.16918331  5.58281371  0.13743004 -0.34246308 -1.66687257
  1.17613769 -0.5149307   0.89825445  1.53289162  3.13745981  6.50993751
  2.08736034 -1.46330925 -0.02425657 -0.11295056 -1.54482663 -0.73792577
 -1.23441659  0.59025218 -0.64168128 -0.15263429 -0.97002495  0.04653925]
[ -1.96996581  -5.68782855  -5.82128816  -8.17116312   4.24711513
 -23.25104965  16.05762257  27.72889386  -6.2969642   -1.75284788
  -2.42147887   3.62705582  -1.84453262   2.43865211  -1.72422921
   3.97135836   4.66510185  -1.94845484  -1.05992989   0.92412809
 -15.23975649  -6.41229616   1.88247131  -4.68547432   1.39281164
   1.43161355   1.66184868   9.54346454  12.5966425   30.48173051]
[-1.35678013e+00 -6.04519076e+00  3.98930390e+00 -8.07505527e+00
  1.51250519e+00 -4.99990616e+00 -1.45410566e+00 -3.90180547e+00
  6.64589709e+00  2.06844085e-01 -1.47171745e-01 -2.01785186e+00
  1.69776279e+00 -2.86054033e-01  1.68206962e+00  1.50214146e+00
  3.55138298e+00  7.06544771e+00  2.15720964e+00 -1.61593261e+00
  3.33823813e-02 -8.89354424e-02 -1.76996750e+00 -8.86801792e-01
 -1.21919444e+00  9.10949743e-01 -6.36526954e-01 -3.52882094e-01
 -1.02726708e+00  6.55838363e-03]
[ -1.56592743  -8.07639781   5.31458061 -15.04016568   8.37993661
  -6.58750082  -1.79160038 -13.38653535   0.79402851  -5.74411541
 -12.02086304   9.61653289 -14.06732017   0.78088349 -14.35541949
  -0.38635461  -9.0812382  -14.08507382  -5.70347395   0.80155618
   1.28712995  -3.20021922   1.42808525   1.81925535  -1.72281123
  -0.20895476   1.36333701   5.29300353  -4.27755057  -0.34923131]
[-1.53891011 -4.3293178   3.30082016 -5.82191607  1.7178825  -3.34299587
 -2.18276094 -3.00365586  4.66143071  1.01929873 -0.75092886  0.23731286
 -0.63470292  2.38566128  1.59714963  0.19530111  2.73566961  6.95079126
  2.36707353 -1.5645314   0.21865123 -0.18682307 -1.43432338 -0.38732184
  0.57559779  0.38254293 -0.91440161 -0.36838956 -0.74528678 -0.34923131]
[ -1.56544309  -5.58098739   5.50602047  -2.29108665  -0.65038673
  -2.30128911   3.30404788  -7.67476657 -17.82052695   2.88799237
   2.30205863   1.57208466   0.57611284   0.66612547   3.83574333
  -0.95140617   0.76019362   3.52449195   0.63304051  -1.1561277
  -5.85819448  30.78854963 -11.84186051   6.06558889  -0.89876903
   1.23601573   0.50036231   2.74149618   0.45849113  -0.31332849]
[ -1.43090402 -10.82820353   7.66193503 -15.53430934   4.3606369
 -11.61146472  -3.31929619 -13.11903339  11.81897466  -3.57057506
  -8.00868963   5.38241046  -7.7470163    0.38664209  -8.42717696
  -0.01627813  -7.64767881 -15.49360145  -5.84965315   1.40813296
   2.07859597   2.39399002  -2.09809503  -1.44742875   0.21492167
   2.79094624  -0.46288323   3.84243388   1.39801204   0.04653925]
[-1.37354223 -2.48629436 -2.59425322 -2.79305467 -0.85911238 -2.00228744
  4.77418173  3.4682328  -2.86279571 -0.60205674  0.12297382 -0.29071255
 -0.3809145   0.53583867 -0.22343767  0.19952906 -0.16471766 -0.76614145
  0.9381945  -0.68780142 -5.85206908  0.60914196 -2.40002808 -5.5369503
  2.52504376 -1.81242294  2.08514942  8.19487556 -2.95736721  7.98254044]
[-1.81700105  0.22841543  1.50302509 -3.73342469  3.14713577 -1.77054144
 -1.6400897  -3.81228327  1.04642894 -0.65383793 -4.95048986  6.32322571
 -8.49214339  0.63829898 -7.32312333  0.58975809 -5.30654167 -7.4038551
 -1.59789154  2.77994616  0.71292787  1.02931131  0.19314829  1.06557979
  0.21706375 -3.66065804  0.69429579  1.85449786  0.5314238  -0.34923131]
[-1.47571528e+00 -7.44139807e+00  5.93611277e+00 -1.18998061e+01
  4.33440824e+00 -8.42104901e+00 -2.98615546e+00 -1.07915923e+01
  8.22996278e+00 -2.63376756e+00 -9.00423877e+00  7.47563875e+00
 -1.19879443e+01  1.27673641e+00 -9.53249459e+00 -7.18489463e-01
 -9.06496044e+00 -1.64788167e+01 -5.74360106e+00  1.65923659e+00
  1.94201162e+00  2.14394768e+00 -1.61661276e+00 -8.36601032e-01
  5.27763345e-02  1.70153346e+00 -5.73940809e-01  4.26900886e+00
  1.65878046e+00  6.55838363e-03]
[ -1.76300853   0.19312604   2.37072811  -3.77699137   4.30417891
   1.23085113  -2.1071679   -0.47782904  -0.10339977  -2.3035166
  -4.73261218   4.55965239  -7.84581851   1.37833468 -10.05085618
  -0.80802493  -0.75686496   1.05015564   1.16762722  -2.46361222
   0.57131394   0.20407222  -0.82949843  -0.98280934  -0.66559291
   3.00885093   1.08223894   1.30796872   1.24790068  -0.34923131]
[-1.37352118 -5.36290227  3.6404829  -7.37064145  1.47616658 -4.3922369
 -1.38045193 -3.40391216  5.93409871  0.16084189 -0.27864528 -1.78292032
  1.34987811 -0.43757153  1.15941482  1.52424532  3.27811596  6.69455978
  2.10950429 -1.51480379 -0.0118941  -0.1078012  -1.62263502 -0.81352041
 -1.22715013  0.6904873  -0.64055264 -0.21026687 -0.99355082  0.04653925]
[ -1.94977126  -3.8527008    1.8476487   -0.34604003   0.70997382
   0.02933276   2.06540587  -5.06624351 -16.05613438   0.95571344
   0.47933697  -0.29230821   1.61929789  -1.33954882   0.72620407
  -0.48573746  -0.52106717   1.77196067  -0.99568253  -0.7448715
  -4.91074267  13.12337476  -4.20779354   4.24111667   0.70881929
   0.57685989  -0.56629452   3.22239816  -1.94319021  -0.23368662]
[-1.51877873e+00 -4.38842975e+00  4.33610091e+00 -8.71355641e+00
  4.17782553e+00 -5.61106021e+00 -2.70714025e+00 -8.61774549e+00
  5.05276457e+00 -2.84122913e+00 -9.59140903e+00  8.52643196e+00
 -1.35485460e+01  5.94847450e-01 -1.18787806e+01 -6.23495487e-01
 -1.03062667e+01 -1.81438881e+01 -5.94716158e+00  2.11544077e+00
  1.81316736e+00  2.08436917e+00 -9.45911428e-01 -3.28019599e-01
  2.12405653e-03  7.57584701e-01 -5.96068311e-01  4.78555999e+00
  1.85228041e+00  6.55838363e-03]
[-1.45722642 -4.02257722 -3.43748456  0.69885463  0.99909403  1.04564298
  0.59969328  2.11750449 -2.20616473  2.93071804  3.10895108  2.3761922
 -0.09626186 -0.23592409 -3.045551    1.09925452  0.41197106 -2.06856543
 -0.96510558 -0.74271424 -7.787513   -2.79206531  2.48248906  3.27670428
 -0.1709947   1.76013934 -0.96635543 -6.3742284   3.38000851  0.45278478]
[-1.373458   -2.11032984 -5.50093389 -1.53997135  1.70265451 -2.3279479
  1.26471072  2.36153329 -0.25177659  0.40256742 -1.38547931  1.21402904
  1.16372145 -0.29142084  0.5912737  -0.37837055 -0.42665553  0.76788228
 -0.46187759 -1.11481451  6.92637262  2.32133611 -1.29848282 -3.90800122
 -0.08144439 -1.36437405  1.91620699 -1.33425401  1.38275967 10.51692727]
[-1.81666412 -3.35496078 -7.23299878 -2.80053767  4.82094773 -2.09863104
  2.03161775  4.34399844 -0.73026018 -0.56998556 -0.87740067  0.93228746
 -2.13776616  2.36379987  2.78519191 -1.54364098  1.40826013  0.04578075
  1.0918383  -2.88489061 10.27616768  3.02304129 -3.30039489 -5.97539551
 -1.67715363 -1.42117089 -0.61772561 -1.96642198  2.06197519 15.65062987]
[-1.43065132 -5.97391313 -9.26260707 -0.85303786  1.39396689  1.17848458
 -2.14856041  0.4165308   0.65384256  0.69630127 -2.65235646  0.50530191
  1.61386866  0.92420023  0.92933729  0.59664064  0.55386637 -0.61502735
  2.43321946 -0.30297289  8.94107408  2.99421695 -0.50953816  5.69833384
 -0.13925556  2.5641726  -1.58175714 -0.46636976 -4.47688069  6.63062757]
[-1.51810488 -0.64710108  0.3356667  -1.10509071 -0.75246968 -2.71588196
  1.83003678  1.13827672 -5.08437243  0.53993846 -0.10582472 -0.26235357
 -1.76881758  3.40425923  1.25827388 -1.40381944 -0.98539864  0.71341943
  0.87648508 -1.67227856 -3.71770242  4.73573032 -3.84071957 -5.60303241
 -0.3235272  -0.47824131  1.96636342  3.57760684 -0.34715098  4.1372611 ]
[-1.9775256  -3.14988948  3.70551628 -1.09993223 -0.85247542 -0.01548466
 -0.90706756  1.76623077 -1.26611727  5.87185    10.93529101  2.71240226
  0.24933561 -0.45606226 -3.32519954  0.71593428 -2.02670031 -1.67431051
 -0.48342184 -0.43718566  6.2821823  -1.53444642  0.3602518   0.21805387
  0.68254316  1.27884383 -1.10024766  6.10695758  1.10848533 -0.3496711 ]
[-1.37326848 -2.22321487  2.4639231  -0.07543154  0.53287004 -0.52377449
  1.87613976 -2.5857681  -8.25743567  0.47087445  1.28079493  0.96920432
  1.88827946 -0.17230472  0.48965592 -0.79286788 -1.11979765  1.44573303
 -0.07078631  0.99601342 -2.62939589 13.64331777 -4.09416824  2.17257901
 -0.25701581  0.1669611  -0.49721888  0.07742733  0.02379807 -0.30169406]
[-1.51791536e+00 -4.72794181e+00  4.51323419e+00 -9.06752209e+00
  4.19537821e+00 -5.92267540e+00 -2.73859067e+00 -8.85970195e+00
  5.40599052e+00 -2.81823663e+00 -9.52623933e+00  8.40960090e+00
 -1.33751015e+01  6.70619954e-01 -1.16179611e+01 -6.34108975e-01
 -1.01684898e+01 -1.79588186e+01 -5.92433714e+00  2.06464143e+00
  1.82920943e+00  2.09157743e+00 -1.02052101e+00 -3.82814349e-01
  7.59519829e-03  8.62786170e-01 -5.93677693e-01  4.72692807e+00
  1.83141635e+00  6.55838363e-03]
[ -1.6033263   -6.29991895   2.71801118 -10.93952007   7.13858037
  -7.54953228   0.09808067 -12.61048535  -0.96930983  -4.82840464
 -11.883138     8.62700601 -13.56698867   1.17099968 -10.23361531
   0.40421879 -10.84758438 -20.65382739  -8.10408317   2.54211072
  -0.11090782  -2.84485362   2.40500732   2.20481308  -0.9151739
  -3.08998934   0.31878288   3.00391904  -5.66309765   0.40152932]
[ -1.49553079  -8.35181631   5.53098568 -10.14580012   1.90038637
  -7.44415258  -2.30962778  -5.52961528   8.82115857   1.27257937
  -0.02189956  -1.14606928   1.40291902   3.3015228    4.69474374
   0.07944088   4.44032159   9.14436721   2.6289288   -2.1634818
   0.16942358  -0.19455591  -2.28270567  -1.02326979   0.65642172
   1.67085606  -0.86033219  -0.77375052  -1.16125898   0.04653925]
[ -1.37324742  -2.91791899  -0.05734863  -5.18150891   1.59595704
 -17.10701846  12.37980482  17.32896535  -8.89470377  -0.88179272
  -1.83611983   2.26201709  -1.21821269   0.24217867  -0.43931704
   3.03098385   2.96093956  -0.75423901  -0.03235064   2.01229402
 -13.79777014   2.42575565  -1.20621461  -6.58679562   0.87736369
  -0.05900978   0.8905213   15.38835653  -6.96479043  20.59474322]
[-1.51764161e+00 -5.64187037e+00  4.09878062e+00 -7.30009477e+00
  1.76374769e+00 -4.89051342e+00 -2.09961422e+00 -3.65782598e+00
  6.00769498e+00  1.09220217e+00 -5.34319102e-01 -2.14650131e-01
  2.27302489e-02  2.69348902e+00  2.61391870e+00  1.61683939e-01
  3.32829860e+00  7.66880832e+00  2.44852994e+00 -1.75983550e+00
  8.76973874e-02 -2.33761540e-01 -1.69511841e+00 -5.97877620e-01
  6.10466948e-01  8.20607621e-01 -8.83378519e-01 -3.47320020e-01
 -9.65114120e-01  6.55838363e-03]
[ -1.60301043  -7.86179866   4.52510034 -12.54864497   7.88600414
  -4.99466379  -1.59197352 -12.05515588  -0.60385449  -6.53094815
 -13.01081194  10.06922282 -14.99743715   0.34681883 -15.29989763
  -0.37839735  -9.51010518 -14.83818277  -5.81821809   0.74274802
   1.44177985  -3.32853375   1.00247355  -0.5526032   -1.62099402
   1.909294     1.69373164   5.60645234  -3.56899413  -0.34923131]
[-1.99464569 -2.69872421  2.93544875 -0.85102482 -1.00845861 -0.45030676
 -0.45388028  0.35394791  0.28164563  3.23891827  5.90330591  1.37294773
  0.66770178  0.31617624 -1.94102324  0.61021824  0.35927498 -0.82571333
  0.24588248 -0.25580897  3.84277191 -1.25742067 -1.61387124  0.24160359
 -0.81453894  2.01534615  0.40409453  6.1702352   4.77268234 -0.31744652]
[ -1.43014593 -11.17349222   7.83047335 -15.8937079    4.38128594
 -11.92984386  -3.3475544  -13.3537713   12.17026408  -3.54716449
  -7.94487338   5.26636106  -7.57327492   0.4640014   -8.16601396
  -0.0249257   -7.50702582 -15.30897784  -5.82750472   1.35663603
   2.09099588   2.39915214  -2.1759053   -1.5229862    0.22218473
   2.89118827  -0.46175606   3.78477446   1.37449997   0.04653925]
[ -1.60284197  -5.19807996   2.35922089 -10.0858826    4.77179176
  -0.27124333   1.88534482  -4.99238377  -2.08592391  -1.73939229
  -2.6655877    1.20070064  -1.73057123   1.8016903   -1.41464261
   0.29144985   5.49642783  10.89501788   5.12500322  -1.40973989
  -0.61115459  -6.0475032    0.69920909   1.87047359   0.6781676
  -0.94329438   0.91672455   0.278693    -7.31967909  -0.34923131]
[-1.36455050e+00 -4.95884827e+00  3.64478841e+00 -6.78946171e+00
  1.53524530e+00 -4.24439149e+00 -1.92662917e+00 -3.10320678e+00
  5.40291432e+00 -5.41706628e-02 -3.19620355e-01 -1.26129000e+00
  1.87583285e+00  5.82112720e-01  6.51645741e-01  1.06040156e+00
  3.21901477e+00  6.31828401e+00  2.26281357e+00 -1.25270863e+00
  1.04358149e-01 -7.71979397e-02 -1.41255530e+00 -5.23477144e-01
  1.33832596e-01  7.27326212e-01 -7.63107007e-01 -1.81872366e-01
 -9.18150353e-01  6.55838363e-03]
[-1.60261033e+00 -2.41757817e+00  3.16420098e+00 -6.63497539e+00
  4.10787151e+00 -3.77096926e+00 -2.51269083e+00 -7.12287415e+00
  2.92647389e+00 -2.97843231e+00 -9.99807914e+00  9.23052342e+00
 -1.45843326e+01  1.54690214e-01 -1.34345265e+01 -5.45279266e-01
 -1.11147061e+01 -1.92551624e+01 -6.07969065e+00  2.40847457e+00
  1.77166795e+00  2.05262659e+00 -5.31141252e-01 -9.74466556e-02
 -2.26794410e-02  9.83145758e-02 -6.25089183e-01  5.08351985e+00
  1.98601449e+00  6.55838363e-03]
[ -1.83986996  -2.34896202   0.40763766   0.87618599   0.57671803
   0.37640656   1.81326421   1.12058158  -1.34065206   3.91717429
   3.25092146   1.92262391  -2.23027215   2.33243343  -1.33221072
   1.1733642   -2.78462946   1.23381394  -2.35368897  -1.22795768
  -1.05796125  -0.50931038   1.96060351  -1.11919562  -1.48928962
  -1.60839238  -1.48899607 -12.85149954  -6.65953126   0.02818803]
[ -1.81565334 -11.77665368 -15.52742611  -2.03153063   3.43742422
   5.00012682  -3.05819336   1.63879937  -2.25114056   3.09746259
   2.64671742   3.17115867  -2.89168347   4.48662377  -1.6170521
   2.10680438   4.48602018  -1.59252784  -1.17876098   3.30871169
 -17.22094525  -7.32190589   4.56520495  22.22118094  -0.94473848
  10.59914605   1.88081864   8.3214996   10.76671398   3.02807204]
[-1.51703093e+00 -5.97936930e+00  4.27995443e+00 -7.65608475e+00
  1.77969919e+00 -5.21653766e+00 -2.12078835e+00 -3.88175338e+00
  6.36000194e+00  1.11274828e+00 -4.72939174e-01 -3.31494676e-01
  1.93190788e-01  2.76943706e+00  2.87316563e+00  1.50518372e-01
  3.46724426e+00  7.85246340e+00  2.47325496e+00 -1.80954608e+00
  1.02491544e-01 -2.27885756e-01 -1.76322882e+00 -6.04106808e-01
  6.13401841e-01  9.40152064e-01 -8.79310570e-01 -4.07579621e-01
 -9.90238987e-01  6.55838363e-03]
[ -1.83980678  -2.54182172   0.20396855   0.49202856  -0.76617236
   0.23612246   1.22228211   0.52203955  -1.07382964   4.70617712
   2.12827804   1.98964365  -1.63280297   2.3859778   -0.91603241
   1.84199055  -3.50371962   1.73742     -2.12987109  -0.08324954
  -1.17561661  -0.26468043   2.14060513  -1.05184703  -1.46665796
  -1.47396485  -2.1861316  -14.30993029  -6.91679405  -0.34923131]
[ -1.83976467  -2.92358077   0.64905739   0.43711925  -0.05492007
   0.21969948   1.46906974   0.63453036  -0.6701957    3.77809159
   2.42292718   1.44763676  -1.86004423   2.28617221  -0.80645143
   0.04088288  -1.83577623   0.90424514  -2.4682563   -3.19881271
  -1.63365719  -0.22532677   1.82641818  -0.46644463  -1.56604223
  -1.13016031  -2.10855176 -15.17840198  -7.18802943  -0.34123513]
[-1.99441406 -3.11087535 -7.33614187 -3.75595343  2.32676627 -1.02430568
  3.5848626   3.88687991 -0.19106364 -0.47868333 -1.58415064 -0.35545607
  0.28638451  0.49015299  1.31438045  0.72150586  0.51955777 -0.58592135
  0.94523102 -1.20195977 10.04538156  3.03438208 -3.11979667 -5.69033273
  2.00658274 -0.77899615 -1.35493371 -1.76205687  2.03857968 14.95160448]
[-1.86545533e+00 -4.27952515e+00 -5.47387313e+00  3.29691178e-01
 -4.05939985e-01  3.07388860e+00 -2.24468125e+00 -2.01341520e+00
 -5.23434478e-01  4.48260602e+00 -4.31358825e-01  2.94012755e+00
 -8.62019245e-01  1.54800022e+00  7.35648739e-01  1.16303372e+00
 -7.44981727e-01  4.37946988e-01  4.12297116e-03  4.53925221e-01
 -4.46781862e+00 -1.39115479e+00  1.26772856e+00 -1.78017807e+00
 -8.10404099e-02 -2.69231365e-02 -1.85543842e+00 -4.26008720e+00
  1.47259135e+01  4.20480247e-01]
[-1.36427675 -0.86474087  1.32558251 -0.09105522  0.45770499 -0.40201769
  1.58010774 -1.70381051 -5.84862648  0.34054944  0.48754376 -0.07902287
  0.77638601 -0.7515972   0.71844729 -0.1971891   0.28099064 -0.06216278
  0.82862057  1.34265947 -2.07276581  8.98233422 -4.12318569  0.50365398
 -1.56753768  1.91516831 -0.54847553  1.39205005  0.69797593  0.05933312]
[-1.90727637 -2.9647654  -0.29318937 -0.20544574  0.14462951  0.46210605
  4.43054808 -1.87383247 -3.30782118  3.00528721  2.84631487 -0.09606919
 -2.23522607  1.74482483 -0.49461873 -1.68068094 -2.40864583  1.51009625
  2.12826763  0.90117519 -2.55365532  3.94781405 -3.41028223  0.28036335
  1.54029795  2.07305311 -0.04751323  1.98601082  8.1396265   0.44638785]
[-1.99422454 -2.45879439 -2.02570675  0.37329251  2.79727569 -1.80794082
  2.77073574  1.29607224 -0.06011736  0.99434573  1.05232218 -1.20473538
 -0.18692758 -0.06416793 -1.48025436 -1.0994854   0.81921615 -0.39260249
  1.442361    2.75870911 -1.46922454 -1.08526945  0.35840219 -4.34339977
 -1.68487135  0.13618426  1.28380769  4.26305999 -4.99436416  3.39573605]
[-1.35591675e+00 -6.38388919e+00  4.16822835e+00 -8.42919308e+00
  1.52962908e+00 -5.31320150e+00 -1.48431155e+00 -4.14260281e+00
  6.99855746e+00  2.29999623e-01 -8.18039151e-02 -2.13447143e+00
  1.87108436e+00 -2.10301121e-01  1.94255333e+00  1.49169050e+00
  3.68956478e+00  7.25034638e+00  2.17946108e+00 -1.66642690e+00
  4.46373123e-02 -8.33591813e-02 -1.84433520e+00 -9.46351119e-01
 -1.21328816e+00  1.01526849e+00 -6.33947757e-01 -4.08082242e-01
 -1.04989489e+00  6.55838363e-03]
[-1.51648342e+00 -6.31831756e+00  4.45832891e+00 -8.01016971e+00
  1.79695474e+00 -5.52931711e+00 -2.15137636e+00 -4.12290663e+00
  6.71283597e+00  1.13585376e+00 -4.07632178e-01 -4.48179179e-01
  3.66550111e-01  2.84519599e+00  3.13375244e+00  1.40017511e-01
  3.60530175e+00  8.03741454e+00  2.49568233e+00 -1.86013403e+00
  1.15216335e-01 -2.21808398e-01 -1.83767079e+00 -6.62196271e-01
  6.19174508e-01  1.04474184e+00 -8.76789276e-01 -4.63833474e-01
 -1.01232525e+00  6.55838363e-03]
[ -1.42947208 -11.51875591   7.9990667  -16.25311175   4.40192181
 -12.24827462  -3.37577438 -13.5884736   12.52153613  -3.5237489
  -7.88105104   5.15031816  -7.39953732   0.54136012  -7.90486127
  -0.03356828  -7.3663604  -15.12435949  -5.80537389   1.30514847
   2.10324872   2.40426413  -2.25370815  -1.59868972   0.22946115
   2.99140318  -0.46062311   3.72722048   1.35093371   0.04653925]
[-1.53625681e+00 -4.04876286e+00  4.15930849e+00 -8.35962349e+00
  4.16019124e+00 -5.29976474e+00 -2.67545301e+00 -8.37556845e+00
  4.69943100e+00 -2.86419060e+00 -9.65654103e+00  8.64330325e+00
 -1.37220140e+01  5.19071218e-01 -1.21396640e+01 -6.12851071e-01
 -1.04439666e+01 -1.83289902e+01 -5.97009506e+00  2.16629816e+00
  1.79621433e+00  2.07685034e+00 -8.71255810e-01 -2.74129618e-01
 -3.26428263e-03  6.52215255e-01 -5.98423043e-01  4.84484496e+00
  1.87280885e+00  6.55838363e-03]
[-1.36404511 -1.18575058 -1.53765855 -0.848645   -1.57062736 -6.67241025
  3.19976536  6.89217551 -0.9830895   1.50773388 -3.33328251  0.93816038
  0.01735822 -1.94908581 -0.09040993 -0.25189885 -0.17173423 -0.31809024
  1.12442755  1.18109429  0.20446481 -0.12875103  0.36902731  2.32018396
  0.900293    0.32023979 -2.13875113  2.13160037 -1.01776962  7.81893875]
[-1.38973578e+00 -1.11364139e+00  2.07254055e+00 -4.37160516e+00
  2.89306669e+00 -1.85368217e+00 -2.17834531e+00 -3.74050638e+00
  1.49299547e+00 -2.44764656e+00 -6.39166487e+00  4.06233845e+00
 -8.20977564e+00 -1.42246237e+00 -1.04388835e+01  1.16363741e+00
 -6.27948146e+00 -1.04812592e+01 -3.28338813e+00  1.25883028e+00
  1.02754668e+00  1.21227181e+00 -3.94493122e-01  7.92864039e-02
 -1.04459070e-01 -3.04445971e-01 -6.16164629e-01  3.34081764e+00
  1.00028567e+00  6.55838363e-03]
[ -1.95952108  -2.62912038   2.58083047  -0.68795426  -2.02885432
  -0.70318125   1.52950645  -3.61566562 -12.46924834   1.55971475
   0.08321778   1.42227195   1.80661609  -1.6930642    1.36463408
   0.3509429   -0.8776178    1.41544485   0.22883848   0.24855315
  -4.19677411  20.03778929  -6.10734994   3.32447577  -0.04143937
   0.08139944  -0.09512883   1.534446     0.87102013  -0.33723705]
[-1.49323547e+00 -5.74588080e+00  5.04594872e+00 -1.01295455e+01
  4.24772153e+00 -6.85875418e+00 -2.83202844e+00 -9.58472056e+00
  6.46525323e+00 -2.74913945e+00 -9.33058479e+00  8.05926297e+00
 -1.28548582e+01  8.97923086e-01 -1.08357490e+01 -6.65830142e-01
 -9.75486177e+00 -1.74037353e+01 -5.85628442e+00  1.91246731e+00
  1.87382190e+00  2.11200435e+00 -1.24417222e+00 -5.50688420e-01
  2.43280050e-02  1.17774266e+00 -5.86367424e-01  4.55355120e+00
  1.76752958e+00  6.55838363e-03]
[-1.53610941 -6.35367626  3.807916   -6.44354922  1.1507164  -5.64102955
 -1.16653662 -3.91188698  6.55236663  0.89676405  0.9803869  -0.37417692
  0.75577182  1.73280195  7.49840554 -0.88837967  2.29569328  3.99254216
  1.41065821 -0.32157567 -0.04910646  0.16461504 -0.77759358 -0.90415111
  0.5399591   0.37785885 -0.90362183  0.02656459 -0.40837885  0.04653925]
[-1.36396088e+00 -5.29781728e+00  3.82311720e+00 -7.14354228e+00
  1.55251179e+00 -4.55712808e+00 -1.95724892e+00 -3.34438960e+00
  5.75576277e+00 -3.10693425e-02 -2.54318412e-01 -1.37797990e+00
  2.04919531e+00  6.57872147e-01  9.12241125e-01  1.04989655e+00
  3.35706193e+00  6.50323951e+00  2.28525555e+00 -1.30330436e+00
  1.17205056e-01 -7.10789504e-02 -1.48700344e+00 -5.81445322e-01
  1.39594164e-01  8.31938508e-01 -7.60590523e-01 -2.38213761e-01
 -9.40191620e-01  6.55838363e-03]
[-1.51593591e+00 -6.65725315e+00  4.63673125e+00 -8.36425734e+00
  1.81420362e+00 -5.84212271e+00 -2.18194501e+00 -4.36404184e+00
  7.06566119e+00  1.15896178e+00 -3.42322098e-01 -5.64860391e-01
  5.39907520e-01  2.92095461e+00  3.39433404e+00  1.29519178e-01
  3.74336554e+00  8.22236302e+00  2.51810079e+00 -1.91071724e+00
  1.27866645e-01 -2.15756432e-01 -1.91210899e+00 -7.20359709e-01
  6.24953945e-01  1.14931789e+00 -8.74265047e-01 -5.20033933e-01
 -1.03443895e+00  6.55838363e-03]
[-1.97674646e+00 -1.78513035e+00  1.87050581e+00  7.90704108e-02
  1.01079354e+00 -4.84713329e-01  1.66339899e+00 -3.57113091e+00
 -1.02634489e+01 -7.80147667e-01 -1.31926337e+00 -5.81862361e-01
  1.24333056e+00 -1.19996384e+00  1.44320509e+00 -9.23080995e-02
 -8.42987214e-01  1.51678569e+00 -7.65470605e-01 -5.42353750e-03
  2.57958999e+00 -4.77834643e+00  2.04603397e+00  1.80944677e+00
  5.01678907e-01 -8.81030059e-01 -7.94135204e-01 -1.39782348e+00
  4.47429024e-01 -3.40595441e-01]
[ -1.37232087  -3.48339393  -2.32309784   1.16310504  -0.96574696
   0.18557206   0.42403374   2.45090856  -3.27487166   2.97622655
   5.35100103   2.22703312  -1.350851     0.19193101  -4.73769392
   0.34653864   1.19641727  -2.36083402  -1.3850055    1.21984663
  -4.17207511  -1.72139065   2.21578958  -0.66274585   0.31578021
   0.87092589  -1.53926953 -16.40259958   4.46052047   0.15932526]
[-1.45461524 -4.1818915  -2.86176451  0.14051381 -0.07819766  1.57008568
 -1.1367675   0.93752459 -1.25504382  2.33920373  2.82645895  2.19187965
  0.21527944 -0.03315966 -1.75391955  1.28708297  1.1705448  -1.78315059
 -0.98896243  0.34502872 -7.49915242 -3.48080861  1.3672733   6.16843457
  0.38082729  2.04518917  2.17725273  5.69692339 -4.48018509 -0.0333825 ]
[ -1.37221558  -4.03094414   4.70534497  -2.53190849   0.52184676
  -2.43569259   5.60995646 -14.78284717 -34.7342023   -4.12561287
  -7.65325139  -0.99928478   4.85033444  -2.50647897   6.92105699
  -0.24531844   2.88475298   2.49880154  -0.59123749  -4.0825366
  13.16681704 -27.58533352   8.00026575   5.68947108   0.14936099
  -0.78236119  -0.20365669  -1.40110262   2.19431383  -0.32812141]
[-1.47108254e+00 -7.78041509e+00  6.11433587e+00 -1.22538765e+01
  4.35170003e+00 -8.73368647e+00 -3.01684865e+00 -1.10328435e+01
  8.58284461e+00 -2.61067586e+00 -8.93894852e+00  7.35893637e+00
 -1.18145745e+01  1.35249699e+00 -9.27187939e+00 -7.29004060e-01
 -8.92693717e+00 -1.62938511e+01 -5.72112526e+00  1.60862285e+00
  1.95514099e+00  2.15016296e+00 -1.69107516e+00 -8.94288660e-01
  5.85122267e-02  1.80619784e+00 -5.71435452e-01  4.21246497e+00
  1.63684326e+00  6.55838363e-03]
[-1.36385559e+00 -2.72914638e+00  3.09868424e+00 -6.11379464e+00
  2.93231549e+00 -3.50608818e+00 -2.25307773e+00 -4.83594429e+00
  3.25932819e+00 -2.35562317e+00 -6.08439626e+00  3.47441725e+00
 -7.37367379e+00 -1.05646540e+00 -9.15709306e+00  1.09070617e+00
 -5.59945384e+00 -9.56720483e+00 -3.15530508e+00  1.02550476e+00
  1.05413871e+00  1.22912110e+00 -6.77436008e-01  3.47849727e-01
 -1.08809345e-01  3.79517790e-01 -5.75089966e-01  3.07823056e+00
  8.54008345e-01  6.55838363e-03]
[-1.38154425e+00 -1.79105431e+00  2.43035412e+00 -5.07987738e+00
  2.92732292e+00 -2.48023970e+00 -2.23878162e+00 -4.22212393e+00
  2.19832736e+00 -2.40133870e+00 -6.26093312e+00  3.82909514e+00
 -7.86313009e+00 -1.27095616e+00 -9.91790946e+00  1.14273229e+00
 -6.00312585e+00 -1.01114585e+01 -3.23887396e+00  1.15783568e+00
  1.05015095e+00  1.22345652e+00 -5.43233278e-01 -3.97184884e-02
 -9.26551086e-02 -9.57910786e-02 -6.11009955e-01  3.23034967e+00
  9.55064842e-01  6.55838363e-03]
[ -1.42884034 -11.86399695   8.16770992 -16.61252039   4.42254575
 -12.56675215  -3.40395971 -13.82314364  12.87279244  -3.50032878
  -7.81722319   5.03428114  -7.22580314   0.61871829  -7.64371793
  -0.04220634  -7.2256837  -14.93974589  -5.78325901   1.25366941
   2.11536828   2.40933067  -2.33150425  -1.67452561   0.23674968
   3.09159351  -0.45948491   3.66976204   1.32731835   0.04653925]
[-1.51538841e+00 -6.99617781e+00  4.81515767e+00 -8.71834729e+00
  1.83144673e+00 -6.15495088e+00 -2.21249693e+00 -4.60516148e+00
  7.41847882e+00  1.18207199e+00 -2.77009357e-01 -6.81538762e-01
  7.13263277e-01  2.99671297e+00  3.65491112e+00  1.19023030e-01
  3.88143477e+00  8.40730920e+00  2.54051154e+00 -1.96129635e+00
  1.40452629e-01 -2.09726395e-01 -1.98654394e+00 -7.78587036e-01
  6.30739229e-01  1.25388207e+00 -8.71738284e-01 -5.76188278e-01
 -1.05657635e+00  6.55838363e-03]
[-1.53558296 -6.70042898  3.97362261 -6.80103964  1.17267724 -5.94613353
 -1.20423121 -4.16387169  6.90419336  0.92273105  1.04812663 -0.49007011
  0.9324142   1.8099725   7.76091451 -0.89636548  2.43545078  4.17846491
  1.43051935 -0.37395549 -0.03868937  0.17000823 -0.86173979 -1.03148288
  0.55005206  0.46316217 -0.90404473 -0.02715112 -0.42882043  0.04653925]
[-1.98504328 -1.30976029  0.77873867  0.95369117  0.48410686  0.35993408
  0.72858362 -1.61246552 -4.95399476  0.81309135  0.83700875 -1.0397632
  0.24525181  0.73769126 -0.57313136  1.6904809   0.45837321 -0.66359172
  0.88136615  0.58374745 -2.15606677  7.07951116 -1.64184202 -0.09231624
 -0.75508465 -0.94410115 -0.68508554  1.00249803 -1.14573754 -0.1854697 ]
[ -1.63767177  -0.86126572   2.47152846  -5.1248317    3.93062563
  -2.68184567  -2.34555969  -6.34440262   1.46373801  -2.97689941
 -10.29411298   9.79923593 -15.15711944  -0.21479702 -14.37561524
  -0.50192536 -11.47286364 -20.13155314  -6.40279373   2.04132632
   1.68581894   1.89666303  -0.74908003  -0.50900866  -0.0256377
   2.26166567  -0.42645673   4.73690921   2.88023694  -0.34923131]
[-1.96804954 -2.32529878  0.85984474  0.13999101 -1.65379566 -1.90098282
  1.92629691 -3.66432234 -9.44873554  0.67695302  0.38023581  1.38591991
  1.19822438 -0.85810315  0.48578042  2.23670095 -1.74270664  0.68370068
  2.75009483  0.05916914  0.82446346 -1.6126348   1.24759498  0.95249061
 -0.0489571  -1.1802723   0.31934986  0.46141536  1.97927257  0.44638785]
[-1.45413091 -1.80751427 -2.69142651 -0.09222249 -1.0942522  -2.64642442
  3.18837319  3.91427414  0.3663107   0.9361434  -3.21607357  1.01283114
  1.15018154 -0.43030369 -0.30182169 -0.82541437 -1.25844655  0.44311604
 -0.72682497 -2.78373133  3.79746588  1.72177232  1.89691945  5.20092712
 -2.43890417  1.38506493 -1.2702705  -0.75564654  0.62725112  5.69395594]
[-1.37192077 -2.45846186  2.79248563 -5.69166266  2.95631607 -2.79138932
 -2.50625393 -5.04490524  2.97278135 -2.33571294 -6.07298437  3.57916543
 -7.48455249 -1.13551191 -9.37925468  1.10255343 -5.78034695 -9.71960651
 -3.19087502  1.0596274   1.20093601  1.29314159 -0.70288298 -0.11554711
 -0.09782951  0.11284315 -0.61497246  2.92357671  1.03056261 -0.34923131]
[-1.37187866 -1.88088703 -4.49803154 -1.96158044  1.61339446 -6.15248705
  3.41241172  7.29628126 -0.54588275 -0.52104768 -2.14767413  0.69457927
  0.19878665  0.9046365  -0.04866057  0.13772611  1.14600759 -0.95198221
  2.20867322 -0.03498901  7.76444959  2.53310603  0.9351761  10.69908736
 -0.46347637  0.19931566  0.82371159 -2.44391837  0.20086188 10.70707625]
[-1.51484090e+00 -7.33509297e+00  4.99360501e+00 -9.07243925e+00
  1.84868483e+00 -6.46779869e+00 -2.24303432e+00 -4.84626757e+00
  7.77128984e+00  1.20518410e+00 -2.11694300e-01 -7.98214661e-01
  8.86617597e-01  3.07247110e+00  3.91548427e+00  1.08528780e-01
  4.01950873e+00  8.59225338e+00  2.56291560e+00 -2.01187189e+00
  1.52982677e-01 -2.03715428e-01 -2.06097606e+00 -8.36869917e-01
  6.36529598e-01  1.35843594e+00 -8.69209318e-01 -6.32302525e-01
 -1.07873436e+00  6.55838363e-03]
[-1.99348751 -1.3723329   2.65864173 -1.55678774  0.25484696  0.94924659
 -1.23492608  1.88165243 -1.4466647   3.93649471  5.77352229  2.41634973
 -0.7279736   0.02631402 -6.86087024  1.92942831 -0.7438033   2.5918989
  0.4505368  -1.78138024  4.11110014 -1.42400145 -0.21627575  0.12787685
 -0.02080169  0.39747378 -1.11271013  2.35460328 -1.89174264 -0.3496711 ]
[-1.38105991 -3.94179939  3.11011434 -5.72725002  1.48337109 -3.30647463
 -1.83455291 -2.37945625  4.34427035 -0.1234462  -0.51549164 -0.91118343
  1.35572403  0.35483102 -0.13019896  1.09194492  2.80494387  5.76338773
  2.1953877  -1.10086823  0.0649828  -0.09583944 -1.18916872 -0.35040156
  0.11662376  0.41333542 -0.77062358 -0.01224986 -0.85233405  0.00655838]
[-1.38097568e+00 -2.12982609e+00  2.60911709e+00 -5.43399967e+00
  2.94448547e+00 -2.79338357e+00 -2.26909970e+00 -4.46302577e+00
  2.55103872e+00 -2.37819786e+00 -6.19558315e+00  3.71245651e+00
 -7.68979744e+00 -1.19520148e+00 -9.65739548e+00  1.13226668e+00
 -5.86498055e+00 -9.92654440e+00 -3.21657087e+00  1.10731389e+00
  1.06183744e+00  1.22917990e+00 -6.17622778e-01 -9.88391920e-02
 -8.67880643e-02  8.60724113e-03 -6.08447758e-01  3.17484015e+00
  9.32596039e-01  6.55838363e-03]
[-1.38082828 -3.94697939  3.11574268 -5.7689318   1.40400628 -2.72896646
 -1.80017399 -2.62224076  4.3649921  -0.29299571 -0.51121209 -1.09675164
  2.06849723  2.01944653 -0.4631719   0.92810815  2.83695297  5.46928979
  2.16597016 -0.89444039  0.41985008 -0.0348656  -1.17095788 -0.48838628
 -0.64425404  0.62348718 -0.73949486 -0.26494187 -0.6752878  -0.34923131]
[ -1.41698473 -13.5906754    8.99018572 -18.29977949   4.52592588
 -13.78432873  -3.79293533 -15.39252478  14.71402902  -3.36406452
  -7.43726276   4.43251859  -6.31985831   0.98792166  -6.31354466
  -0.10915401  -6.58767093 -13.98971182  -5.66063679   0.99502321
   2.38681892   2.52301117  -2.73606985  -1.9378732    0.24810084
   3.60511052  -0.46662486   3.115166     1.36867775  -0.34923131]
[-1.36330808e+00 -3.08235922e+00  3.24913787e+00 -6.45063760e+00
  2.96189618e+00 -3.69817933e+00 -2.36953093e+00 -5.23233790e+00
  3.61780292e+00 -2.31001581e+00 -5.98447517e+00  3.35880161e+00
 -7.17431158e+00 -9.82356514e-01 -8.88401827e+00  1.08584743e+00
 -5.46998037e+00 -9.37043297e+00 -3.15236177e+00  9.66596488e-01
  1.05649172e+00  1.23973441e+00 -8.08628927e-01 -1.63755527e-01
 -7.85144359e-02  3.52509184e-01 -5.86649204e-01  3.05185769e+00
  8.61926149e-01  6.55838363e-03]
[-1.37158385 -4.90655412  3.74901539 -6.83282229  1.42512315 -3.78534868
 -1.8014677  -3.22589264  5.39904429 -0.23478293 -0.32889824 -1.44270276
  2.56851501  2.24028179  0.30233027  0.89079776  3.25739468  6.01494087
  2.22993256 -1.03732088  0.36347182 -0.04902566 -1.35719422 -0.56239914
 -0.62870836  0.96967302 -0.71367519 -0.29972521 -0.80108899 -0.1733555 ]
[ -1.80963078  -1.35896898   3.54652278  -5.0477193    4.50589355
  -0.0439865   -2.35053906  -2.50876344   1.48908642  -3.48720967
  -6.60478341   6.95886196  -9.93665289  -0.06781899 -11.39605264
  -1.85500629  -2.71545486  -3.26739393   0.32666097  -1.69793762
   0.51768661   1.00034339  -0.60066282  -0.6161586   -0.47224891
   1.93358526   0.85685009   0.69440556   0.92078914  -0.34923131]
[-1.53476170e+00 -7.04557699e+00  4.14048067e+00 -7.14938765e+00
  1.19325326e+00 -6.22703835e+00 -1.25725910e+00 -4.43834826e+00
  7.26393395e+00  9.48115306e-01  1.11813295e+00 -6.08250281e-01
  1.10989252e+00  1.88555059e+00  8.02447034e+00 -9.07375382e-01
  2.56959378e+00  4.36577306e+00  1.45375212e+00 -4.25508116e-01
 -6.09799735e-03  1.83717214e-01 -9.41068432e-01 -1.09644037e+00
  5.54881158e-01  5.64469066e-01 -9.04170074e-01 -1.11018666e-01
 -4.36634783e-01  6.55838363e-03]
[ -1.80946231  -1.29466585   3.50852311  -5.02453491   4.51725611
  -0.04724533  -2.35415862  -2.50956178   1.526547    -3.53044884
  -6.70231688   6.92817801 -10.00905726  -0.20892222 -11.32982144
  -1.84726148  -2.69426886  -3.24971319   0.35565784  -1.70207776
   0.5301487    0.97576274  -0.61741734  -0.6444086   -0.47690436
   1.94091038   0.88332955   1.02355555   0.93371955  -0.34923131]
[-1.36301327 -3.50614863  2.62530858 -4.93770141  0.80728939 -1.43162854
 -0.71089963 -0.63537948  2.2861501   2.34930709  2.68014624 -1.06035039
 -1.08823728 -1.64580574 -2.66782958  2.13450203  1.85301287  4.10225492
  2.00532183 -0.9257516   1.36971146 -1.15386681 -1.33549733 -0.87985171
 -2.82523378  0.56625614 -0.88180631 -1.31502891 -2.65501452  0.00655838]
[ -1.55809388  -2.74361571   3.35328941  -6.89318805   4.11833279
  -3.77434035  -2.74587081  -7.70105211   3.34641042  -2.93542675
  -9.87484768   9.0979077  -14.37948033   0.21431722 -13.1574581
  -0.5744735  -11.02877964 -19.04877024  -6.05582461   2.36176223
   1.89547938   2.11137666  -0.615629    -0.12933775  -0.03233136
   0.1997316   -0.63101168   4.84321537   2.07834877  -0.34923131]
[-1.86118057e+00 -4.64221290e+00 -4.77080455e+00 -5.33657929e-02
 -1.05389288e+00  8.74277919e-01 -9.17841215e-01  3.97307301e-01
 -2.94420904e-01  4.12099903e+00 -1.28204009e+00  2.77863621e+00
 -1.11772609e+00  1.53148878e+00  7.02529615e-01  5.89515193e-01
  1.30828237e-02  5.69865399e-02  1.22499988e-01 -5.83200652e-01
 -4.83043783e+00 -1.69879694e+00  1.62773450e+00  3.94464374e+00
 -4.04458168e-01  3.45270967e+00 -1.71178241e+00 -4.76686733e+00
  1.38047132e+01  4.20480247e-01]
[-1.97573568 -1.51138547 -2.58480442 -0.63264363  0.24222678 -3.85386629
  1.43671474  5.14088823 -0.63473467 -2.14617393 -1.1453269  -0.51356514
 -0.43949385  1.33013701  0.08418286  0.74931737 -1.15931115 -0.3283126
  1.8876766  -1.40099688  4.39100077  0.71658513 -1.50272763  6.55770793
  0.27151877  0.88901561  0.35635674 -1.46552824  0.46083872  6.58744824]
[-1.35431635 -2.91613197  3.09578192 -0.77449882  0.46260359 -1.05792772
  1.71260532 -3.21892935 -7.43682795  0.73691639  1.80465664  0.75203624
  2.25220543 -0.05171711  0.93094759 -0.82930976 -0.91123507  1.81783159
 -0.03721617  0.83051877 -2.20186496 13.54972156 -4.24233277  2.43271571
 -0.28566678  0.70843007 -0.3953443   1.17061097  0.36970648 -0.34091529]
[-1.59587179 -3.93462943 -4.55637686  2.05560776  3.79570456  2.92875232
 -1.29783402 -1.1016081   0.11404383  1.57588739  0.50609408 -0.61608448
 -2.67355125  1.80445322 -0.25858715 -2.88202186  1.03895394  0.02267148
  0.29366323 -1.3324501  -1.78246159 -1.07990926  0.82452182  9.15905288
  0.33803091  3.74321717  0.34463465 -0.5563375   2.49932818 -0.34155498]
[-1.37093105 -4.95536853 -8.46078197  1.36282606  1.44894564  8.54551097
 -7.56036437 -7.31771737  0.60734744 -2.01706007  2.10716425  0.07763311
  0.77632707  2.34612083  0.22599262  0.86502567 -1.95924474  1.55891631
  0.03500698  0.82056638  4.53578295  1.43994997 -0.74100235  3.7352759
  1.50903575  2.10011237  0.03438388 -1.05064425  1.03475236 -0.2932581 ]
[ -1.80680901  -2.21026207   1.27855282   1.12452035  -0.62256285
   0.98250033   1.85432656   1.53370716  -7.02599346   4.12331442
   4.24247548   2.08466235  -2.34528465   2.50351112  -2.24645619
  -1.37912976  -1.14938932  -1.28020945   0.06007737   1.45401713
  -1.61766725   5.06009096  -2.48951877   0.03380248  -1.80494614
   0.31040352  -0.5266747  -12.22321408  -6.69654511   0.18771167]
[-1.43888497e+00 -2.12175153e+00 -3.45529459e+00  1.81169825e-01
 -7.01522665e-01 -4.39008728e+00  3.91125854e+00  4.69756408e+00
  3.08023777e-01  1.59353860e+00 -3.83127157e+00 -5.71897161e-01
  3.46905402e-01 -7.22421333e-01 -9.38193569e-01  7.25793507e-03
 -2.03594605e+00  1.71645219e+00 -1.13697675e+00 -1.61556735e+00
  5.11670836e+00  1.86743164e+00  1.64780795e+00  6.70782326e+00
 -1.80150912e+00  1.98175493e+00  4.65535283e-01 -1.20590314e+00
  5.88563974e-01  7.39370230e+00]
[-1.42675561e+00 -4.42472907e+00 -3.76082318e+00  1.18543599e+00
  1.62266166e+00  5.98210289e-01  1.05077871e+00  5.03464234e-01
 -1.55754825e+00  3.72807509e+00  3.08442458e+00  1.71956803e+00
  4.37777285e-01 -2.09822739e-01 -3.62292088e+00  1.36197758e-01
 -1.05058628e+00 -9.24446935e-02 -1.09378327e+00  2.52793895e+00
 -7.44846012e+00 -2.74890245e+00  2.61316539e+00  2.17679656e+00
  7.17589126e-02  1.31105392e+00  1.64183300e+00 -7.07085345e+00
  3.53991401e+00 -1.39780790e-03]
[-1.99218192 -2.98794503  3.189825   -1.16200641 -1.01792823 -0.71619855
 -0.50454289  0.06124015  0.64821671  3.25870555  5.97951238  1.25059433
  0.83772792  0.37904913 -1.68456024  0.58420163  0.47551792 -0.63794315
  0.27232782 -0.29959125  3.86972432 -1.24013907 -1.66044924  0.34552463
 -0.82237137  2.15992202  0.41774949  6.116632    4.76572585 -0.31736656]
[ -1.51260876  -2.70302196   2.55390289  -1.55143411  -0.86812822
   1.16425933   5.15413108  -3.01183528 -13.12603857   1.34077732
   0.10374711   0.63246382  -1.86201172   0.6158069    2.44605433
  -0.64969362   0.5394274    0.49949639   0.68652725  -1.18294405
  -1.82680217   9.35505003  -3.73798979   2.24041633   1.25415805
   1.19296149  -0.99629038   0.55000471  -1.73541525   0.5498983 ]
[ -1.55581962  -8.35655629   5.58569625 -15.3474655    8.36574636
  -6.85533501  -1.83930185 -13.6814076    1.15896307  -5.7232508
 -11.94171367   9.4948117  -13.8977184    0.84234357 -14.10093681
  -0.41287519  -8.9651006  -13.89770495  -5.68023078   0.75994437
   1.28882357  -3.19074348   1.38432137   1.9027859   -1.72903604
  -0.06824156   1.37881314   5.25923831  -4.29207796  -0.34923131]
[ -1.78267663  -1.83019594  -1.72913256   0.17910241   3.37095066
   0.71604926   0.26489152  -4.65556251  -5.03804577   0.86082852
  -0.08634771  -0.32002379  -1.43072194   2.12722258   2.57356044
   0.85885114   1.18764652   1.18228223   0.18990079  -0.31018364
   1.36166104  -3.6154091   -2.05341248 -24.25192928   0.67259654
  -4.94432292   0.2752929    3.90618765   0.87821471   7.22666226]
[-1.48868696 -4.89820536 -6.6144913   2.2257878   1.76798058  7.93433741
 -5.35202532 -6.61010886 -0.39806422  3.24407917  1.65982935  2.14649102
 -1.70864924  1.5424846   0.68813023  0.83198255  1.60768684 -0.97820242
  0.95632218 -0.0678748  -5.05234074 -1.77758367  0.07513576 -6.20214874
  0.8171745  -0.93369943  1.10484815  4.24237352 -4.0999618  -0.28526193]
[-1.48866590e+00 -6.08506109e+00  5.22381238e+00 -1.04835813e+01
  4.26509937e+00 -7.17105449e+00 -2.86297136e+00 -9.82620437e+00
  6.81824855e+00 -2.72608047e+00 -9.26533430e+00  7.94251815e+00
 -1.26814638e+01  9.73687600e-01 -1.05750664e+01 -6.76377354e-01
 -9.61691973e+00 -1.72187355e+01 -5.83369363e+00  1.86179236e+00
  1.88791190e+00  2.11854713e+00 -1.31868317e+00 -6.07421959e-01
  2.99765809e-02  1.28258418e+00 -5.83899909e-01  4.49631866e+00
  1.74594631e+00  6.55838363e-03]
[ -1.35353721  -7.24556464 -15.32923459  -4.99836382   5.46015161
  -6.00285977   2.99824908   7.806013    -1.25801332  -0.21038999
  -3.4808321    1.26186509   1.6901301    1.07837017   1.66431406
   0.38390514   0.55648398   0.60161062   1.07313984  -3.66042629
  20.51441916   6.39330124  -5.60507613 -11.00064068   0.17754093
  -5.06518665  -2.56642687  -3.43665838   4.20914848  31.14937093]
[-1.48813946e+00 -6.42419575e+00  5.40177648e+00 -1.08376269e+01
  4.28245316e+00 -7.48344900e+00 -2.89384451e+00 -1.00676232e+01
  7.17121215e+00 -2.70301235e+00 -9.20007269e+00  7.82578520e+00
 -1.25080763e+01  1.04945102e+00 -1.03144026e+01 -6.86915454e-01
 -9.47895500e+00 -1.70337452e+01 -5.81113498e+00  1.81113451e+00
  1.90173349e+00  2.12499840e+00 -1.39318056e+00 -6.64422082e-01
  3.56495540e-02  1.38737620e+00 -5.81421820e-01  4.43927854e+00
  1.72426414e+00  6.55838363e-03]
[ -1.78177114  -4.85416054  -3.83465136  -1.54850814   4.17352897
  -1.40998311   1.76227681  -2.34041444  -7.47972103   0.46605062
  -1.12174906  -0.3841795   -1.49764687   2.54199656   2.7607851
   1.24614946   2.50366897   1.09176351   0.42860464   0.44055144
  -2.44066502  -7.15882083  -0.09897193 -16.77928302   0.76179883
  -4.14520442   0.67843312  10.33958993  -9.25248444   7.22666226]
[-1.43806371e+00 -9.43224583e+00  7.01649650e+00 -1.41156694e+01
  4.26489162e+00 -1.04700001e+01 -3.11237767e+00 -1.20089133e+01
  1.04082824e+01 -3.68946114e+00 -8.30271761e+00  5.84514239e+00
 -8.47074581e+00  7.90659173e-02 -9.48528087e+00  1.18233662e-02
 -8.20127183e+00 -1.62450213e+01 -5.91582362e+00  1.62297684e+00
  2.04679719e+00  2.37043122e+00 -1.72404224e+00 -6.34499622e-01
  1.58022269e-01  2.53751949e+00 -4.51975815e-01  4.03534257e+00
  1.46099234e+00  4.65392456e-02]
[-1.43802160e+00 -1.61158952e+00 -1.75326194e+00  2.17705464e+00
  1.09513323e+00  1.17086691e+01 -6.53812203e+00 -1.44993048e+01
  4.12229638e-01  1.68556158e+00  3.06124819e+00  2.05595569e+00
  2.72554483e+00 -1.24242474e+00  1.32979453e+00  2.43474964e+00
 -1.67698054e+00  2.49351904e+00 -3.37381402e+00 -1.44208003e+00
 -1.87358118e+00  1.13222824e+00 -5.67783991e+00 -4.28388575e+01
  4.82449562e-03 -1.43795695e+01 -7.81716632e-01  4.48836502e+00
  3.20189691e+00 -3.17486502e-01]
[ -1.35313711  -7.3086192  -12.2255515    1.1093419    2.28563198
  13.49158683 -10.09614075 -10.28079744   1.20175274  -0.17993933
   1.50758624  -1.32458882   0.51817179   1.19101092   0.69260526
   0.65531484   0.74282502   0.26207499  -0.74017619   0.71021428
   7.00417467   2.56768544  -0.87445951   5.31893523  -0.80369122
   3.52738511  -0.14016038  -1.81819188   1.31522429  -0.13353456]
[ -1.6276482   -2.68957664   5.491178   -10.52643263   7.27229988
  -3.411165    -2.54856601  -9.02201467   4.60498089  -5.15858362
 -10.67843732  10.80330921 -16.40118109   0.3656501  -17.97445368
  -0.47796425 -11.55192735 -16.05868096  -5.94918581   1.38418955
   1.88848553   2.72845193   0.26327453   0.99754743  -1.99665076
  -0.71900113   1.34542271   3.92609651   2.1814409   -0.34923131]
[-1.98310595e+00 -1.13673856e+00  8.24615652e-01  1.33570143e+00
  5.81437965e-01  1.77113068e-01  4.49988549e-01  2.14218043e+00
 -2.04864272e+00  2.06598680e+00  3.32628268e+00  4.11133737e-01
 -1.14011260e+00 -1.48410290e+00 -2.23972859e+00  8.80470055e-01
 -2.36719509e+00 -1.94320296e-01 -1.24982292e+00  9.23056621e-01
 -6.77624119e-03 -3.70404929e-01  4.99375659e-01 -7.55716043e-01
  6.71675229e-01 -5.98262384e-01 -1.36233140e+00 -8.73390287e+00
 -3.98351711e+00  1.49969735e-01]
[ -1.55339796  -8.63712371   5.85591165 -15.6546788    8.35177163
  -7.12232476  -1.88762881 -13.97686243   1.52418189  -5.70246814
 -11.86266388   9.37298421 -13.72805483   0.9038135  -13.84628535
  -0.43947745  -8.84916647 -13.7102502   -5.6566996    0.71817925
   1.29292319  -3.18044749   1.34043591   1.98870609  -1.73547954
   0.0729153    1.39419449   5.22374829  -4.3057189   -0.34923131]
[-1.62752185 -3.40564262  3.12711008 -6.25508171  3.42495264  2.01592026
  0.77272067 -1.9594664   3.73684011 -2.0509027  -2.03125237  1.60340669
 -3.30868878  1.72959049 -3.24426154  0.13729899  3.93542098 10.05279352
  5.01040048 -1.00739642 -0.74589092 -0.2183726  -1.32660604 -2.32254698
  0.6769215   0.961224    1.21864146 -0.88616857 -1.59018843 -0.34923131]
[ -1.94520169  -2.30181486   3.0587502   -1.39462223   0.18770893
   0.91522197   0.35628669  -2.99412891 -10.60709287   0.31312544
  -0.61925093   0.97113015   0.82755024  -0.23427028  -3.22291122
   0.28786112   0.92016258   4.53885457   1.17050715  -2.69964038
  -3.33894342  16.60241254  -5.87961655   0.80148808  -0.16668291
  -0.51016093  -0.98066802   2.61583901   1.52968102  -0.34407378]
[ -1.38845124  -3.59332707  -1.85403363   0.96555653  -1.13301638
  -1.08749837   0.95591177   4.08901314  -4.33090472   3.72521486
   5.86305547   1.1510642   -2.03025005   0.47027844  -5.6643193
   1.03730143   0.94460448  -2.39880886  -2.40767959   0.34467441
  -5.07507128  -1.97157073   2.07836207  -2.47291394   1.10459116
   0.26858544  -1.83188483 -17.48397223   4.47092649   1.78174863]
[ -1.37004662   0.13765004   2.14966567  -3.83204911   4.10305015
   1.11488084  -1.70327431  -0.66624286   0.29394204  -3.42158771
  -4.21765979   5.36820926  -5.66238952  -2.66065438 -10.83346079
  -0.24685114  -0.80100637   0.48241926   1.12101171  -2.40074466
   0.40279556   0.50525477  -0.4441083   -0.88053132  -0.85962585
   2.64391096   1.17105693   1.37069164   1.21908851  -0.35051069]
[ -1.62611097  -3.55755227   1.05579     -0.54008362  -0.13523237
  -0.90363516   1.35836279  -0.54147997   0.28317377   3.64600376
   2.55730946   1.37610175  -1.42990819   2.717857     0.0522746
   1.13488591  -2.06523389   2.3969377   -2.55651973  -0.70776207
  -1.64078516  -0.13538023   1.60377108  -0.54725048  -1.37631663
  -2.07690791   1.27675205 -16.58693225  -7.63219284  -0.25347714]
[ -1.46596546  -8.11951661   6.29436286 -12.61900933   4.36903524
  -9.08391421  -3.02268626 -11.23427606   8.92723623  -2.58954659
  -8.87983466   7.24437936 -11.64495025   1.43003745  -9.01368019
  -0.73714511  -8.78237597 -16.11158185  -5.69977336   1.55808587
   1.94774848   2.14771875  -1.76400251  -0.96290443   0.06671211
   1.90973642  -0.56766457   4.18236609   1.5990866    0.04653925]
[-1.69465451 -0.92065452  0.06120247  0.99526764 -0.53704793 -1.27976836
  0.48373227 -2.21386025 -2.95498395  4.46275824 -1.21900191  0.04135423
 -0.44271119  2.4714115   0.25411124 -0.50626653 -2.50132606  2.5821613
  0.59017891  3.51940078 -1.97447374  4.04330051 -0.38782222 -8.18397358
  1.2597776  -3.55527144 -1.156747    2.19460322  0.44193736  1.9276388 ]
[-1.53033953e+00 -4.59703694e+00  3.61315566e+00 -6.24627380e+00
  1.69177889e+00 -4.07407018e+00 -1.91785189e+00 -2.77530925e+00
  4.94639662e+00  9.97132920e-01 -7.65898646e-01  1.32798712e-01
 -5.26952128e-01  2.46486040e+00  1.81734562e+00  1.83091993e-01
  2.91820526e+00  7.10157848e+00  2.40387342e+00 -1.59720824e+00
  6.50032735e-02 -2.54086105e-01 -1.40209412e+00  1.19075913e-01
  5.62590976e-01  6.62527424e-01 -8.72621072e-01 -2.11346929e-01
 -9.28166074e-01  6.55838363e-03]
[-1.43736880e+00 -9.79215866e+00  7.15671370e+00 -1.44561515e+01
  4.29859552e+00 -1.06566966e+01 -3.23424805e+00 -1.24145649e+01
  1.07649821e+01 -3.64077095e+00 -8.20009483e+00  5.73060515e+00
 -8.26826747e+00  1.54559833e-01 -9.21073978e+00  9.70031585e-03
 -8.06954878e+00 -1.60475098e+01 -5.91622438e+00  1.56269079e+00
  2.04034417e+00  2.37814500e+00 -1.86461104e+00 -1.22180132e+00
  1.93228142e-01  2.49002616e+00 -4.66223263e-01  4.01616633e+00
  1.46816063e+00  4.65392456e-02]
[-1.7799391  -1.13697245  0.40130338  0.5099178   2.83730239 -1.51801437
  1.74171211 -3.10919373 -6.94739272  0.11619046 -1.07509093  0.11957656
 -1.8390606   1.11534012  2.74238668  0.4300202   1.04930919  1.46906373
  0.47234399 -0.42857905  1.67214584 -5.5367773   0.69276426 -9.05242552
  1.15673476 -0.97910448  0.6312435   2.20118128  0.41361293  3.44823092]
[-1.99098162 -1.30952726  1.49638227  1.74734567 -1.10480484  1.2999851
 -0.4614247   3.38366766 -3.22799549  4.94855648  8.02449835  1.64881398
 -1.31058463 -0.05273058 -5.10196888  1.75692714 -1.90136995 -2.86803179
 -1.3951763  -0.5263653   4.62320475 -2.27726986 -0.63820995 -0.85268399
  0.50606051  0.43516993 -0.75776839 -2.32076602 -8.28243118 -0.3118492 ]
[-1.97390364 -2.00990933 -2.22279802 -0.9588249   1.62427083 -7.06356079
  4.84617721  8.71729237 -1.80852718 -0.21673904 -0.9224415  -0.31197518
 -1.98302225 -0.88066218 -1.14303749  1.23684622  1.87553502 -1.00547972
 -0.19738676 -0.99600213 -2.85848739 -1.33298027  1.31898277  3.9105194
  0.41378488  0.57725128  2.40108692  4.02417325 -4.96435375  9.4501979 ]
[-1.99089738 -0.69277622  0.02042251  1.23607088 -1.03759927 -2.26475015
  1.2587967  -3.98157156 -6.275089   -1.16369423 -1.02748833 -1.74167259
 -0.23411985 -1.84448184 -0.19566417 -2.83504485 -0.49991516  1.98045556
 -0.15460893 -1.13536164  1.80903906 -5.62897174  1.19109439  0.2458106
  1.10468624  2.12585468 -0.25023792  0.10750599  0.71992765 -0.14153073]
[ -1.46527055  -8.47436026   6.38388817 -13.07103128   4.24990378
  -9.43738797  -3.09905865 -11.41295182   9.34494618  -3.73151182
  -8.470261     6.20093564  -8.95936147  -0.13902092 -10.24944362
   0.06251796  -8.6067627  -16.78912205  -6.0071621    1.75945846
   1.991014     2.34962482  -1.58688896  -1.08902536   0.17861245
   2.04666238  -0.48466974   4.23039168   1.54937897   0.04653925]
[ -1.42458664 -12.20921739   8.33639848 -16.97193339   4.44315883
 -12.88527221  -3.43211354 -14.05778433  13.22403443  -3.47690453
  -7.75339033   4.91824947  -7.05207208   0.69607596  -7.38258309
  -0.05084028  -7.08499676 -14.75513661  -5.76115864   1.20219806
   2.12736668   2.41435591  -2.40929424  -1.75048184   0.24404923
   3.1917615   -0.45834193   3.61239045   1.30365835   0.04653925]
[-1.43675812e+00 -1.01375401e+01  7.32504791e+00 -1.48155304e+01
  4.31929343e+00 -1.09748842e+01 -3.26264808e+00 -1.26494349e+01
  1.11163360e+01 -3.61737895e+00 -8.13630116e+00  5.61453165e+00
 -8.09451207e+00  2.31921382e-01 -8.94953851e+00  1.03422025e-03
 -7.92894194e+00 -1.58628667e+01 -5.89401065e+00  1.51115910e+00
  2.05328960e+00  2.38349309e+00 -1.94244888e+00 -1.29681696e+00
  2.00441609e-01  2.59036878e+00 -4.65117592e-01  3.95811584e+00
  1.44484955e+00  4.65392456e-02]
[-1.62198362e+00 -1.33203228e+00  2.72021133e+00 -5.58253262e+00
  4.02179913e+00 -2.99560661e+00 -2.31065094e+00 -6.23451588e+00
  1.87872040e+00 -3.08583569e+00 -1.02428367e+01  9.57163345e+00
 -1.51299989e+01 -8.30803112e-02 -1.42125786e+01 -5.37590712e-01
 -1.15441305e+01 -1.98100078e+01 -6.11524605e+00  2.53065699e+00
  1.97259892e+00  2.11184471e+00 -2.93328295e-01  3.73303226e-01
 -7.57745040e-02 -1.44577787e-01 -6.49455863e-01  4.89090143e+00
  2.46356872e+00  6.55838363e-03]
[-1.75321660e+00 -3.82927258e+00 -1.68918111e+00 -1.83899599e-01
 -2.15853945e-01  6.52491043e-02 -8.36670419e-01  1.13064522e+00
 -1.15964207e+00  3.64741460e+00  2.87428460e+00  2.86730957e+00
 -2.15850971e+00  1.56530011e+00  1.18597033e-04  6.86087247e-02
  1.07833079e+00 -9.31145707e-01 -8.44789764e-02 -4.85788833e-01
 -2.46690476e+00 -2.02465747e+00 -7.64817779e-01 -2.17944550e+00
  7.64441987e-01  1.52753119e-01  1.00620088e+00 -6.09295860e+00
  1.16785610e+01  2.05023382e-01]
[-1.55063937e+00 -3.01503014e+00  3.65788116e+00 -7.31516561e+00
  4.09471689e+00 -4.48753196e+00 -2.49381107e+00 -7.49313101e+00
  3.63346464e+00 -2.95548325e+00 -9.88643730e+00  8.99296979e+00
 -1.42684913e+01  2.93381305e-01 -1.29349952e+01 -5.86466569e-01
 -1.08482497e+01 -1.88962153e+01 -6.01974063e+00  2.32736593e+00
  1.75297663e+00  2.04882025e+00 -5.90399028e-01  3.38324424e-01
 -4.37015429e-02  4.67198137e-01 -5.91298360e-01  4.99479057e+00
  1.90337676e+00  6.55838363e-03]
[-1.50883939e+00 -7.67399980e+00  5.17207067e+00 -9.42653297e+00
  1.86591855e+00 -6.78066367e+00 -2.27355897e+00 -5.08736181e+00
  8.12409507e+00  1.22829788e+00 -1.46377218e-01 -9.14888399e-01
  1.05997066e+00  3.14822903e+00  4.17605400e+00  9.80361928e-02
  4.15758683e+00  8.77719582e+00  2.58531380e+00 -2.06244432e+00
  1.65463782e-01 -1.97721146e-01 -2.13540571e+00 -8.95201409e-01
  6.42324415e-01  1.46298078e+00 -8.66678424e-01 -6.88381685e-01
 -1.10091040e+00  6.55838363e-03]
[ -1.46478622  -8.81975725   6.55218807 -13.43040693   4.27060991
  -9.75554345  -3.12748253 -11.64784403   9.69631089  -3.70812295
  -8.40647112   6.08485808  -8.78560372  -0.06165899  -9.98823591
   0.05384875  -8.4661636  -16.6044757   -5.9849374    1.70792092
   2.00405115   2.35500419  -1.66473144  -1.1639499    0.18581758
   2.14702191  -0.48356768   4.17227545   1.52610168   0.04653925]
[ -1.62095178  -2.64864366   4.21951474  -8.91074048   6.08665975
  -8.12495462   0.50458876  -7.64901656   4.4615905   -4.45737401
 -10.82503089   9.17897122 -15.10625366   1.26234476 -12.36411055
   0.29982027 -12.1976894  -21.65081874  -8.23078986   2.92714197
  -0.80907788   2.84005236   1.04752644   1.1478825   -1.06785717
  -3.10207902   0.35739846   1.55252089  -0.51419247   2.71074394]
[ -1.94400139  -2.21792573   2.58493101  -1.04215065   0.19248704
  -1.02825547   1.95428968  -9.02503567 -19.78690204  -1.68332049
  -4.79205087  -0.36667302   3.60964985  -1.11943383   4.16407991
   0.82239855  -0.59168142   2.61027465  -0.11942453   0.87126721
   7.59009089 -15.34859262   5.04610093  -0.32097374   1.52003877
   1.18916233  -0.79043884  -0.32923859   1.63563379  -0.34923131]
[ -1.42408125 -12.55441906   8.50512836 -17.33135035   4.46376201
 -13.20383104  -3.46023865 -14.29239828  13.57526337  -3.45347652
  -7.68955289   4.80222269  -6.87834385   0.77343318  -7.121456
  -0.05947047  -6.94430048 -14.57053128  -5.73907149   1.15073376
   2.13925462   2.41934349  -2.48707865  -1.82654779   0.25135882
   3.29190912  -0.4571946    3.55509806   1.27995765   0.04653925]
[-1.38744046 -3.6344142   2.79767001 -5.56912523  1.3721105  -2.78786319
 -1.24840684 -2.24426897  4.18540153  0.04189295 -0.5983874  -1.20503769
  0.48233555 -0.82574079 -0.14323088  1.56440285  2.56948354  5.77368955
  2.00276348 -1.26141137 -0.03024313 -0.1183286  -1.2366865  -0.41234878
 -1.26814891  0.19339005 -0.65060173  0.01201891 -0.81663695  0.00655838]
[ -1.94395927  -2.75193314   3.11337099  -1.62028454  -1.01270254
  -1.54487054   2.02174286  -7.84443385 -19.40773142  -1.59017955
  -5.54957376  -0.97516053   3.60996533  -1.28423938   4.12339718
  -1.13132234   0.50021496   1.62694152  -0.09241868  -1.89992
   7.2388358  -15.11524448   6.00747618   3.11293756   1.28523477
  -1.35426545  -2.08606934  -0.04002273   1.58391916  -0.34923131]
[-1.35223162 -4.22993401  3.3242655  -6.19799926  1.40276105 -3.43979686
 -1.65958519 -2.65922173  4.737275   -0.05248871 -0.44090623 -1.48751972
  1.2881982   0.36618035  0.12797716  1.12889345  3.10278075  5.74884436
  2.43231648 -0.92160816  0.10400404 -0.12660539 -1.39585781 -0.46082137
 -0.70716458  0.64389968 -0.7011118  -0.09717112 -0.83876626  0.00655838]
[ -1.40394988 -13.85806107   9.30524527 -18.73528808   4.49964541
 -14.55385645  -3.50253135 -15.12376403  14.99021417  -3.388109
  -7.45830715   4.33025845  -6.21591612   1.06889059  -6.09593719
  -0.11890608  -6.39838938 -13.84170872  -5.62525515   0.96257983
   2.21018981   2.44625024  -2.70218126  -1.44484612   0.23778154
   3.88351574  -0.42348193   3.30041663   1.16907292   0.04653925]
[ -1.94391716  -3.03696569   3.37505001  -1.9337554   -1.02432479
  -1.82718689   1.98282617  -8.12028946 -19.04496558  -1.5715562
  -5.47561255  -1.09673988   3.77786092  -1.22150633   4.37829852
  -1.15726278   0.61820428   1.8135699   -0.06651211  -1.94328875
   7.25554446 -15.10173102   5.96327736   3.21752625   1.27803428
  -1.20905562  -2.07088757  -0.07692514   1.56955577  -0.32324375]
[-1.99047623 -2.63762652 -3.30003652  1.97097642  1.87799596  1.41145456
 -0.64136473 -0.26383994 -0.85181352  1.805795    0.96912986 -0.49329267
  0.23451234  0.85153328 -2.4885312   0.35637216 -1.06800202  0.22547374
 -0.27133522  3.51666911 -3.29337596 -1.76607321  1.61537433  5.04502696
  0.94788259  1.9536526   2.04696282  1.63090071 -4.87670435 -0.01339207]
[ -1.94379081  -3.16543515   3.04329247  -1.80873062  -0.66454216
  -4.82252209   4.07747611  -7.43532349 -18.91282415  -2.95303674
  -5.00835734  -1.55018619   2.77363487  -0.79807628   3.32742653
  -2.57819492   3.22486581   2.5032843   -1.55521523  -1.75614496
   5.95766961 -15.29600938   6.05462853   3.11149605   1.39686426
  -2.5770923   -1.46743168  -0.52081773   0.20155298   1.82420831]
[-1.61933032 -2.19416735  1.5727527  -6.75965138  2.87489541 -5.45424842
  5.18585983  1.4171708   3.11078781 -0.57415218 -1.7630529   0.18133775
 -1.91572733  2.93808667  2.07300954  1.14475484  3.71575109  4.26303671
  2.67455633  0.58954198 -4.61283354 -0.51767959  0.02719909  0.53189989
  1.57304021 -3.38383012 -0.02951735 -2.67818615 -6.49266184  4.70175089]
[-1.77623291 -3.094125   -0.28794586 -0.32966175  3.13508119 -2.28174054
  2.41365836 -2.70660812 -8.86101602 -0.36957767 -1.88141466 -0.14231892
 -1.77083083  1.20851688  3.14733351  0.40882697  1.68519557  1.64456576
  0.84144107 -0.01623397  0.82083632 -7.88216502  2.27826998 -3.11319918
  1.02578424 -1.06794295  0.73366281  4.79462069 -4.43364941  2.68795485]
[-1.48399104e+00 -6.76329285e+00  5.57982328e+00 -1.11916803e+01
  4.29978715e+00 -7.79592109e+00 -2.92466020e+00 -1.03089885e+01
  7.52414965e+00 -2.67993669e+00 -9.13480194e+00  7.70906200e+00
 -1.23346944e+01  1.12521353e+00 -1.00537544e+01 -6.97446048e-01
 -9.34097157e+00 -1.68487628e+01 -5.78860279e+00  1.76049075e+00
  1.91533404e+00  2.13137432e+00 -1.46766678e+00 -7.21641745e-01
  4.13426189e-02  1.49212747e+00 -5.78935024e-01  4.38239688e+00
  1.70250054e+00  6.55838363e-03]
[-1.72560966 -5.55717083 -8.14487843 -1.03342746  0.7308823   2.55652508
 -2.59658955  1.74771155 -0.72100205  2.77728471 -1.39453291  1.82721487
 -2.28344689  0.94500728  1.44016068 -0.35396751  0.12547029 -0.25974939
  1.40848709  1.89936227 -1.96439266 -1.31987184  1.79659622 16.77574771
 -0.35306659  4.64204402  0.22503797  4.79682754 -4.17994598  3.43931519]
[-1.9538565  -6.21240609 -9.52759642 -0.24829271  2.67865262  7.72229527
 -5.60367666 -5.58328856  1.31763776  0.05294205 -0.38745601  1.01354804
  2.1601642   0.38669789  1.65533107 -0.16982808 -0.44969132  0.60142298
 -0.49228769 -1.34881737  5.79706536  2.26025498 -1.25467261  0.01676373
 -0.16056608 -0.63290339  0.46848567  0.499965   -7.17557797  0.12654095]
[-1.36874103 -4.61985878  3.46650473 -6.43538548  1.51796802 -3.9316972
 -1.89597807 -2.86199478  5.05005162 -0.07726788 -0.38491731 -1.14459478
  1.70246729  0.5063528   0.3910419   1.07091066  3.0809778   6.13332421
  2.24035715 -1.20210521  0.09139068 -0.08335803 -1.33810108 -0.4656287
  0.12808199  0.62269169 -0.76561874 -0.12544455 -0.8961535   0.00655838]
[-1.5274546  -4.94939758  3.76747532 -6.59437736  1.72090933 -4.30568593
 -2.00801671 -3.13054972  5.29573001  1.04096555 -0.67192586  0.01957192
 -0.33147691  2.54072661  2.0876178   0.18079392  3.05468275  7.29545728
  2.40503315 -1.65568857  0.04132308 -0.25401118 -1.53147349 -0.40893131
  0.59585083  0.63337676 -0.88269768 -0.20732388 -0.93809828  0.04653925]
[ -1.4234074  -12.89960357   8.67389604 -17.69077095   4.48435615
 -13.52242532  -3.4883375  -14.52698777  13.92648038  -3.43004508
  -7.62571127   4.68620037  -6.70461821   0.85078999  -6.860336
  -0.06809723  -6.80359566 -14.38592956  -5.71699643   1.09927589
   2.15104154   2.42429664  -2.56485795  -1.90271405   0.25867759
   3.39203812  -0.45604329   3.49787808   1.25621974   0.04653925]
[ -1.39379996 -14.21774096   9.4459753  -19.07581945   4.53322655
 -14.74103388  -3.62404542 -15.52908379  15.34675192  -3.33937213
  -7.35562766   4.21578177  -6.01347298   1.1443789   -5.82149225
  -0.1209826   -6.26655042 -13.64424613  -5.62581996   0.90238112
   2.20236623   2.45349677  -2.84268081  -2.03350905   0.27311199
   3.83576969  -0.43767538   3.2822229    1.17573625   0.04653925]
[ -1.36857256  -2.18479487   2.85718446  -1.30854737   1.23083328
  -1.73930666   3.30177658  -7.76503479 -19.74664671  -2.72717452
  -4.15869398  -0.39433707   2.7382377   -1.67803932   4.38582032
   0.91311804   1.12253802   1.77926209  -1.00431355  -1.55825915
   6.96533022 -16.06816827   3.19524232   1.52691284   0.41804584
  -1.00145378  -1.6801873    0.26235156   1.45618706   0.58232278]
[-1.35174728 -4.54427649  3.13056674 -6.02037456  0.87016183 -2.39879552
 -0.78676048 -1.32585622  3.33241939  2.42139136  2.87220298 -1.40619066
 -0.56814465 -1.41234989 -1.88742025  2.11159626  2.28023127  4.65392355
  2.06791872 -1.07623159  1.36453841 -1.15322805 -1.56588986 -1.12863939
 -2.79887724  0.86310494 -0.87406188 -1.42291184 -2.78443348  0.04653925]
[-1.44916124 -2.08199643 -1.58988096 -0.07035098 -0.62513466 -5.48507234
  3.53854518  5.89806327 -1.56403551  0.95344235  0.57770841 -0.22754393
 -1.14990967  0.28809696 -2.85415517 -0.77375105  1.40787576  0.08926226
 -2.44042142  0.26317232 -2.89046242 -1.96566113  1.38609393  0.42890844
  0.55096761  1.84709992 -0.06678094  5.80857302 -3.4153811   6.53023563]
[-1.39377890e+00 -7.05508421e-01  1.98636447e+00 -4.02743461e+00
  2.84125055e+00 -1.70487705e+00 -2.03674173e+00 -3.33376566e+00
  1.15057388e+00 -2.50874208e+00 -6.50569065e+00  4.17020517e+00
 -8.40879640e+00 -1.50872668e+00 -1.06959616e+01  1.15042085e+00
 -6.43255030e+00 -1.06663038e+01 -3.27442936e+00  1.28001810e+00
  1.25108191e+00  1.28267463e+00 -3.05420322e-01  4.31031393e-01
 -1.45750172e-01 -3.38683441e-01 -6.35376635e-01  3.03773125e+00
  1.43261907e+00  6.55838363e-03]
[ -1.41340488  -5.71596073  -2.99134593  -0.75068618   1.99590075
   0.54643328   0.64452496  -0.35708138 -10.0390287    1.6664113
   2.16257591   1.18461135   0.56865096   0.35083484  -1.00975385
   2.69061854   0.41144116  -0.05115669  -1.29306784   1.00004658
 -10.55020278   3.40763122  -0.75014039   5.11746389   1.38074623
   3.46837112   0.38744736   6.11170086   1.98295831   1.6458137 ]
[-1.52697027 -5.296493    3.93242747 -6.95179528  1.74305079 -4.61008222
 -2.0462355  -3.38302267  5.64779496  1.06686387 -0.60426957 -0.09641034
 -0.15478273  2.61790541  2.35026822  0.17273966  3.19426972  7.48145201
  2.42513564 -1.70819688  0.05375657 -0.24793057 -1.61572158 -0.5342604
  0.60576051  0.71905189 -0.88320002 -0.26248509 -0.95779695  0.04653925]
[ -1.93343031  -3.01733345   3.21038039  -0.02759316   1.08572308
  -0.76794865   2.71274229  -2.88759803 -14.840729     0.80791283
   2.98025882  -0.24485495   0.8412182    0.14684237  -0.39168507
   0.49275032   0.2425008    0.4632981   -0.19963201  -0.474216
  -4.7468507   21.28110252  -7.86523184   3.6324842    0.13554696
  -0.80921922  -0.62300949  -0.53821104  -1.84713769   0.2968994 ]
[ -1.77486414  -2.03426416   1.38813907   0.39121081   2.51263937
  -0.94787705   2.62793979  -5.28445421 -11.07284017  -0.75117145
  -1.75329894   1.27266672  -0.66561453   1.07790552   3.50907439
  -0.69800999   1.57860028   1.37464884   1.32392779   0.06112964
   2.64002546  -8.99740828   2.39277995  -8.72394176   0.50061963
  -3.22116775   0.37248434   2.40342062   0.21063383   2.68795485]
[-1.61619269e+00 -1.74016525e+00  2.80638741e+00 -5.92670316e+00
  4.07361527e+00 -3.14441173e+00 -2.45225452e+00 -6.64125660e+00
  2.22114199e+00 -3.02474018e+00 -1.01288109e+01  9.46376673e+00
 -1.49309781e+01  3.18400469e-03 -1.39555005e+01 -5.24374147e-01
 -1.13910617e+01 -1.96249632e+01 -6.12420482e+00  2.50946917e+00
  1.74906369e+00  2.04144189e+00 -3.82401096e-01  2.15582367e-02
 -3.44834023e-02 -1.10340316e-01 -6.30243857e-01  5.19398782e+00
  2.03123532e+00  6.55838363e-03]
[ -1.40281275  -3.18782879  -2.28828985   1.38540791  -0.51967047
   1.11495717   0.03170001   2.33196024  -3.58460051   4.77331413
   4.52186347   2.59410282  -0.2598416    0.05270215  -4.34996479
   2.27640661  -1.49214732  -2.43481439   0.35541114   2.94253819
  -3.98269114  -1.96988514   1.80949774  -2.0857322    0.38864308
   0.4162086   -2.10205669 -15.48510386   4.87701937   0.07064771]
[-1.35989670e+00 -2.55074030e+00 -7.13547679e+00 -2.49792783e+00
  9.54334173e-01 -3.25407730e+00  4.95901114e-01  2.94461794e+00
 -8.28917828e-01 -2.15366259e+00  5.06314490e-03  6.27662775e-01
 -3.42119802e-01  3.58411004e-01  7.19153119e-01 -6.34694699e-01
 -2.49638580e-01  7.48726379e-01  1.23688506e+00 -7.43418475e-01
  8.42253135e+00  2.52530039e+00 -2.55347205e+00 -4.96617418e+00
  2.72303825e-01 -1.07949905e+00 -8.66498594e-01 -1.55537599e+00
  1.75994414e+00  1.31682981e+01]
[-1.35151565 -1.33244062  1.50145242  0.50377081  0.03143616 -0.46782752
  0.57260711 -1.31470902 -6.37823797  1.27408275  0.97111778 -0.48522679
  0.87364829 -0.12824084 -0.6951004  -0.88053751 -0.7788833   0.56991246
 -0.60317533 -0.01660326 -1.8115647   9.25189605 -2.66913386  1.59742584
  1.04657457 -0.68803449  0.4650026  -0.16307901 -0.6640196  -0.3072514 ]
[ -1.57519291  -7.51758024   4.76904845 -14.42524885   8.40910733
  -6.04873617  -1.69849095 -12.79892694   0.06520168  -5.78614507
 -12.17952688   9.85958555 -14.40629709   0.65799943 -14.86376599
  -0.33361297  -9.31425949 -14.45949664  -5.74890435   0.88421761
   1.29256474  -3.21616316   1.51516723   1.66095627  -1.71116351
  -0.48875442   1.33203722   5.3542097   -4.24524546  -0.34923131]
[-1.77467462 -3.31204942 -8.2543466  -2.10435636  2.04177412 -3.706253
  1.79683932  3.03921807 -0.49180455  0.74355365 -1.59746724  2.15146723
 -2.19305211  1.39056033  1.93275737 -1.10564125  1.00744273  2.24297682
 -0.89975568 -1.21669373 10.39347308  3.21904971 -2.52937385 -5.50223517
 -0.20741625 -2.51499879 -1.3759633  -1.74009062  2.10280552 15.62280319]
[-1.61568730e+00 -6.24090891e+00  2.33400174e+00 -8.22209165e+00
  6.81442320e+00 -1.97570916e+00 -3.33687207e+00 -1.77212537e+01
  2.68591332e-01 -4.03517200e+00 -1.02873878e+01  9.13950874e+00
 -1.31154306e+01  8.92701047e-01 -1.05782021e+01  7.79475761e-01
 -1.15248560e+01 -2.06121257e+01 -9.61757450e+00  1.97394706e+00
 -2.78520626e+00 -1.57902528e+00 -2.07264474e+00 -3.08336039e+01
  8.99645539e-01 -9.17286605e+00 -1.61175018e-02  7.56223318e+00
 -2.34800457e+00  4.51999789e+00]
[ -1.42271249 -13.24477233   8.84269837 -18.05019488   4.504942
 -13.84105209  -3.51641229 -14.76155484  14.27768645  -3.40661047
  -7.56186582   4.57018213  -6.53089496   0.92814642  -6.59922249
  -0.07672085  -6.662883   -14.20133114  -5.69493245   1.04782392
   2.16273589   2.42921822  -2.64263257  -1.97897227   0.26600478
   3.49215004  -0.45488834   3.44072446   1.23244771   0.04653925]
[-1.54642779e+00 -3.36869917e+00  3.80733050e+00 -7.65191206e+00
  4.12453800e+00 -4.67868107e+00 -2.61096206e+00 -7.89017452e+00
  3.99225647e+00 -2.90996730e+00 -9.78662730e+00  8.87723558e+00
 -1.40690602e+01  3.67501177e-01 -1.26617321e+01 -5.91416431e-01
 -1.07190032e+01 -1.86993476e+01 -6.01647605e+00  2.26828661e+00
  1.75801373e+00  2.06034861e+00 -7.21727573e-01 -1.70614994e-01
 -1.36506059e-02  4.40684465e-01 -6.02963333e-01  4.96649354e+00
  1.91228347e+00  6.55838363e-03]
[-1.98957073 -1.52000067  0.47341184  1.900557   -1.1496837  -0.99117747
  1.24365027 -0.95793482 -4.51604001  1.56504612  2.17932619  0.69656192
  0.99056827 -0.10951446 -2.56792789 -3.08184909 -2.4548917   0.21983557
  1.23990996 -0.58696634 -1.14063656  4.97796497 -2.65837201  0.30561267
  0.88027309  0.56931878  1.84582176 -0.30529098 -1.64731423 -0.05337293]
[-1.35122083 -4.88971278  3.29878013 -6.37974189  0.89088866 -2.71686987
 -0.81524446 -1.56080441  3.68381142  2.44477236  2.93598329 -1.52227843
 -0.39438097 -1.33498702 -1.62619632  2.10291921  2.42081081  4.83857815
  2.0901711  -1.12778386  1.37780674 -1.14776987 -1.64374401 -1.20333432
 -2.79169313  0.9635071  -0.87296893 -1.4811938  -2.8076256   0.04653925]
[-1.85001987e+00 -1.91023629e+00  2.78900005e-01  1.21033473e+00
  9.60500411e-01  5.04774221e-01  2.02268314e+00  1.33483192e+00
 -1.70962830e+00  3.78909084e+00  3.42786644e+00  2.14298077e+00
 -2.44998570e+00  2.36008956e+00 -1.53907678e+00  1.79613948e+00
 -3.33548856e+00  1.46584963e+00 -2.24117298e+00  8.49772159e-03
 -9.62113571e-01 -5.27863536e-01  2.14885414e+00 -9.56637738e-01
 -1.47497186e+00 -1.93267245e+00 -1.16920470e+00 -1.26545747e+01
 -6.64836007e+00  1.24142099e-01]
[-1.35111555 -2.10091546 -5.20215637 -1.46215375  2.24160602 -2.2761179
  0.81986337  2.54917015 -0.39680191 -0.17824321 -1.05169008  1.42548663
  0.85175674  0.07320993  1.09517696  1.2884782   0.76823967 -0.54095634
  1.02309305 -1.84506609  6.93261655  2.51683898 -1.10299446 -3.92323143
  0.24556686 -1.11069711 -1.1847957  -1.13537216  1.48040483 10.50417338]
[-1.48213795e+00 -5.23257533e-01 -4.59548485e-01  1.90398638e+00
 -4.72169584e-01  1.72062742e+00 -1.61131807e+00 -3.28111662e+00
 -4.69620794e-01  2.44785381e+00 -9.76352734e-01  4.75639744e-01
 -1.32748658e+00  1.17093603e+00  1.17068025e+00 -1.88673390e+00
  2.84960179e-03  1.06582630e+00 -1.67563825e+00 -2.60309054e+00
 -7.68855826e-01  5.95731519e-01 -2.54446891e+00 -9.28478557e+00
  1.12915949e+00 -3.32630720e-01  1.35776975e+00  5.68280306e-01
  9.07540765e-01 -6.85656560e-02]
[ -1.40205466  -0.23474186   1.7376816   -3.5697337    2.75007705
  -1.39111611  -2.07165048  -3.4436524    0.73559148  -2.3998058
  -6.55696695   4.39780765  -8.43591694  -1.64044339 -10.85899821
   1.1860862   -6.36128341 -10.98784916  -3.56197704   0.79068743
   0.96430194   1.06749295  -0.76117206  -0.45128049  -0.09561337
   2.06756002  -0.4123775    2.88373903   1.84928729  -0.34923131]
[ -1.58662736  -4.27161678  -5.07878621  -0.18359134   4.43208762
  -3.58454915   2.22017948   3.18179173  -1.09368606   2.01098333
  -0.30709673   0.12456063  -2.34671962   2.38239965  -0.02932243
  -0.87585275   0.60880439   1.46326086   0.27192276   1.27413918
  -2.86104587  -1.56225924   0.07688915  -6.38060212   2.16495313
  -1.24341272   0.95700345   7.38346374 -10.83156609   7.29466971]
[ -1.39310505 -14.56291355   9.61476919 -19.43524257   4.55381441
 -15.05965276  -3.65212606 -15.76365631  15.69796065  -3.31593829
  -7.29178314   4.09976254  -5.83974914   1.22173542  -5.56037716
  -0.12960698  -6.12583967 -13.45964691  -5.60375329   0.85092772
   2.21408309   2.45842603  -2.92045657  -2.10974492   0.28043714
   3.93588576  -0.43652132   3.22505315   1.15197252   0.04653925]
[ -1.42205969  -5.3149079  -12.06146447  -4.50705243   3.10675664
  -5.00994296   0.71538279   6.42385627  -1.60005851  -1.56694787
  -1.96158309  -0.45590701  -0.08768144   1.01792406   1.76469113
   1.65091957  -0.72600931   0.29640038   2.40549335  -3.22002845
  15.51847566   4.43971653  -5.58792785  -8.5548535    1.19474025
  -3.7261283    0.74372952  -3.05977439   3.23084531  24.15587857]
[-1.66350984 -2.36989378  1.75744955 -1.03738584  1.77085851 -0.63161468
 -0.78130075 -1.28842599 -2.72525046  1.73758445  0.98950236  3.27076067
 -6.54785101  1.10475915 -3.40756962  1.10861131 -5.52624893 -6.20470456
 -2.79735056  2.40679363 -0.6040536   2.67329601 -0.29959188 -0.87970512
  1.06587874 -0.68017141 -1.26862432 -9.68229116 -2.03357612 -0.30769119]
[-1.36779342 -2.63165735  2.83371727 -0.46510564  0.47504365 -0.78479721
  1.75716526 -2.93635131 -7.80397698  0.71944192  1.7308403   0.87493687
  2.08475277 -0.113807    0.67584592 -0.80162467 -1.02659391  1.6308926
 -0.06582943  0.87312502 -2.23176654 13.53170235 -4.20284623  2.27518893
 -0.27455092  0.54891745 -0.41104526  1.22731526  0.37793839 -0.34127512]
[ -1.54554336  -8.91804671   6.12534423 -15.96181687   8.33798429
  -7.38858022  -1.93649968 -14.27282384   1.88964789  -5.68175673
 -11.78370068   9.25106429 -13.55833751   0.96529199 -13.59148712
  -0.46615075  -8.73340928 -13.52272077  -5.63291801   0.67628081
   1.299115    -3.16943825   1.29644474   2.07670423  -1.74211321
   0.21445795   1.40949343   5.18675843  -4.31858901  -0.34923131]
[-1.35082073 -4.37959413 -5.73199377 -0.29287076 -1.54509556  3.80580702
 -2.95410797 -0.97907386 -0.97478181  2.30281386  1.11480162  1.87795087
  1.10490182 -0.15905189 -1.03536239  0.5316819  -2.74680444 -0.57807239
  0.36399933 -0.67191773 -6.66651258 -2.97321729  1.14745901  3.81481605
 -0.1369901   1.62340585 -1.64314187  4.87294965 -0.94492736  0.28246631]
[-1.48133775 -5.09061209 -2.51680048  0.03897794  1.93914635  2.03791077
 -1.17690243  1.08047414 -2.03356119  4.77298028  5.03341787  1.85892125
 -2.70736507  1.89291867 -1.49330126  0.96248716 -1.14675954  0.32616861
 -1.63225304  1.89224803 -8.24568531 -4.54753234  1.50468447  5.67737869
  0.99387162  3.50027674  0.09458853  5.45241275 -4.06270974 -0.28070411]
[-1.97173467 -0.76793641  0.80136559  0.32834755 -1.75637969 -0.43483889
  0.48779883 -1.37856285 -4.65247023  1.87369364 -1.38958157 -1.43701272
  1.45581205  0.70253313 -0.35619986 -0.62027847  0.10746571 -0.6272062
  0.23733607 -1.15389127 -1.76245092  7.34910275 -1.9437985   0.21842722
 -0.80407586  3.12632979 -1.36097991  1.00115439  0.72324801 -0.26243286]
[-1.35882275 -3.84538727  2.80503373 -5.30280524  0.82469686 -1.78157316
 -0.71694696 -0.83700735  2.63063703  2.37040888  2.73922671 -1.17494303
 -0.91859227 -1.56826198 -2.40957378  2.12633359  1.99750585  4.28455296
  2.0267703  -0.97633999  1.36312566 -1.15603601 -1.40846543 -0.94766625
 -2.81710722  0.66994347 -0.87806721 -1.34570611 -2.69247396  0.04653925]
[-1.3507365  -5.23510042  3.4671006  -6.73911952  0.91158986 -3.03504466
 -0.84365404 -1.7956833   4.03516963  2.4681631   2.99977544 -1.63835355
 -0.22062463 -1.25762532 -1.36499247  2.09425186  2.56141455  5.02322254
  2.11238922 -1.17931789  1.3907889  -1.14240925 -1.72158371 -1.27831348
 -2.784483    1.06385649 -0.87186471 -1.53927062 -2.83092315  0.04653925]
[-1.50306952e+00 -8.01289932e+00  5.35055244e+00 -9.78062824e+00
  1.88314841e+00 -7.09354377e+00 -2.30407244e+00 -5.32844562e+00
  8.47689522e+00  1.25141312e+00 -8.10583530e-02 -1.03156023e+00
  1.23332262e+00  3.22398679e+00  4.43662070e+00  8.75450674e-02
  4.29566857e+00  8.96213672e+00  2.60770685e+00 -2.11301400e+00
  1.77901817e-01 -1.91741547e-01 -2.20983319e+00 -9.53575679e-01
  6.48123147e-01  1.56751768e+00 -8.64145833e-01 -7.44429970e-01
 -1.12310231e+00  6.55838363e-03]
[-1.35044169 -1.54160637  1.20714632 -0.41457536  1.65501497 -1.77877413
  7.0126066  -2.15190069 -7.32397301  1.1168077   0.8719233  -1.14215748
  0.74446781 -0.2407268  -0.77672405 -0.78131283  0.36411659  1.044731
  0.56765642  1.43514025 -4.14517345 11.72079509 -4.49159231 -4.93691272
  2.02312599  1.40962896  1.47715067  4.22146192 -0.30606765  3.46350361]
[-1.54465892e+00 -5.67595755e+00  3.44878571e+00 -5.72426138e+00
  1.11630012e+00 -4.97733870e+00 -1.13061740e+00 -3.46977283e+00
  5.85537112e+00  8.52462966e-01  8.55885427e-01 -1.43021465e-01
  4.12838243e-01  1.57951053e+00  6.97975617e+00 -8.69803894e-01
  2.01290985e+00  3.62539131e+00  1.36711209e+00 -2.20574855e-01
 -5.24908649e-02  1.61645956e-01 -6.30322702e-01 -7.75511253e-01
  5.25809496e-01  1.70089667e-01 -9.09990733e-01  1.11520945e-01
 -3.47818280e-01  6.55838363e-03]
[-1.36718274 -3.16705153  2.44726177 -4.58364794  0.7899554  -1.11915645
 -0.68008395 -0.39401418  1.93321261  2.32623143  2.61487549 -0.94362719
 -1.2616191  -1.72156825 -2.92847783  2.14503262  1.71502945  3.91727252
  1.98278964 -0.87510784  1.35611091 -1.16024273 -1.26101111 -0.82263205
 -2.83092684  0.46150487 -0.88429311 -1.25814725 -2.63325092  0.00655838]
[ -1.39238908 -14.90807291   9.78359223 -19.79466849   4.5743953
 -15.37829896  -3.68018644 -15.99820998  16.04916018  -3.2925018
  -7.2279354    3.98374675  -5.66602731   1.29909162  -5.29926753
  -0.13822872  -5.98512233 -13.27505046  -5.58169594   0.79947928
   2.22572206   2.46332873  -2.99822839  -2.18605813   0.28776935
   4.03598748  -0.43536418   3.16793923   1.12818009   0.04653925]
